1800 0
1810 0
1820 0
1830 0
1840 0
1850 0
1860 0
1870 0
1880 0
1890 0
1900 0
1910 0
1920 0
1930 0
1940 0
1950 0
1960 0
1970 0
1980 0
1990 0
2000 0
2010 0
2020 0
2030 0
2040 0
2050 0
2060 0
2070 0
2080 0
2090 0
2100 0
2110 0
2120 0
2130 0
2140 0
2150 0
2160 0
2170 0
2180 0
2190 0
2200 0
2210 0
2220 0
2230 0
2240 0
2250 0
2260 0
2270 0
2280 0
2290 0
2300 0
2310 0
2320 0
2330 0
2340 0
2350 0
2360 0
2370 0
2380 0
2390 0
2400 0
2410 0
2420 0
2430 0
2440 0
2450 0
2460 0
2470 0
2480 0
2490 0
2500 0
2510 0
2520 0
2530 0
2540 0
2550 0
2560 0
2570 0
2580 0
2590 0
2600 0
2610 0
2620 0
2630 0
2640 0
2650 0
2660 0
2670 0
2680 0
2690 0
2700 0
2710 0
2720 0
2730 0
2740 0
2750 0
2760 0
2770 0
2780 0
2790 0
2800 0
2810 0
2820 0
2830 0
2840 0
2850 0
2860 0
2870 0
2880 0
2890 0
2900 0
2910 0
2920 0
2930 0
2940 0
2950 0
2960 0
2970 0
2980 0
2990 0
3000 0
3010 0
3020 0
3030 0
3040 1.17787850584e-08
3050 1.17016547563e-08
3060 1.16252847349e-08
3070 1.1549649237e-08
3080 1.14747615854e-08
3090 1.1400686617e-08
3100 1.13271951818e-08
3110 1.12544631392e-08
3120 1.11824727256e-08
3130 1.11111120304e-08
3140 1.10404894116e-08
3150 1.09704672013e-08
3160 1.09011821792e-08
3170 1.08324353931e-08
3180 1.07644559932e-08
3190 1.0697052133e-08
3200 1.063036148e-08
3210 1.0564148667e-08
3220 1.0498682812e-08
3230 1.04337907203e-08
3240 1.03694777209e-08
3250 1.03057820056e-08
3260 1.02426103155e-08
3270 1.01800585739e-08
3280 1.01180699374e-08
3290 1.00566994732e-08
3300 9.99585125783e-09
3310 9.93551285688e-09
3320 9.87575443645e-09
3330 9.81653247578e-09
3340 9.75783187585e-09
3350 9.69966951203e-09
3360 9.64201873899e-09
3370 9.58487689218e-09
3380 9.52824841249e-09
3390 9.47211287183e-09
3400 9.41648004016e-09
3410 9.36133037754e-09
3420 9.30666566035e-09
3430 9.25247967132e-09
3440 9.19876530503e-09
3450 9.14551812059e-09
3460 9.09272923622e-09
3470 9.04039954008e-09
3480 8.98851126863e-09
3490 8.93707685634e-09
3500 8.88608209237e-09
3510 8.83552164765e-09
3520 8.78538930493e-09
3530 8.73568417603e-09
3540 8.68639915552e-09
3550 8.63752980251e-09
3560 8.58907167611e-09
3570 8.54102211179e-09
3580 8.49337578046e-09
3590 8.44612113582e-09
3600 8.399268836e-09
3610 8.3527984529e-09
3620 8.30671709195e-09
3630 8.26101409501e-09
3640 8.2156761394e-09
3650 8.17072987047e-09
3660 8.12613798473e-09
3670 8.08191824575e-09
3680 8.03805022542e-09
3690 7.99454458189e-09
3700 7.9513871043e-09
3710 7.90858312172e-09
3720 7.86611575876e-09
3730 7.82399922628e-09
3740 7.78222020159e-09
3750 7.74076003296e-09
3760 7.69964714209e-09
3770 7.65885310727e-09
3780 7.61837792851e-09
3790 7.57823581665e-09
3800 7.53839923817e-09
3810 7.49888062757e-09
3820 7.45967110305e-09
3830 7.42076711191e-09
3840 7.38217265095e-09
3850 7.34386862433e-09
3860 7.30586080522e-09
3870 7.26816118402e-09
3880 7.23074400355e-09
3890 7.19361636925e-09
3900 7.15677384022e-09
3910 7.12020886695e-09
3920 7.08392944304e-09
3930 7.04792535444e-09
3940 7.01219082799e-09
3950 6.97673652184e-09
3960 6.94154378422e-09
3970 6.90661750014e-09
3980 6.87195456095e-09
3990 6.83755274622e-09
4000 6.80340273007e-09
4010 6.76951517065e-09
4020 6.73587985389e-09
4030 6.70248834211e-09
4040 6.66935040528e-09
4050 6.63645938204e-09
4060 6.6038028379e-09
4070 6.57139409554e-09
4080 6.53921805593e-09
4090 6.50728404494e-09
4100 6.4755827367e-09
4110 6.44410969031e-09
4120 6.41286046488e-09
4130 6.38184705082e-09
4140 6.35105124047e-09
4150 6.32048147153e-09
4160 6.2901297504e-09
4170 6.26000185022e-09
4180 6.23008222789e-09
4190 6.20037976518e-09
4200 6.17089224164e-09
4210 6.14161299595e-09
4220 6.11253891947e-09
4230 6.0836700122e-09
4240 6.05501071504e-09
4250 6.02654148807e-09
4260 5.99828631209e-09
4270 5.97021987403e-09
4280 5.942357717e-09
4290 5.91468429789e-09
4300 5.88720849848e-09
4310 5.85991921653e-09
4320 5.83282311339e-09
4330 5.80591263954e-09
4340 5.77919223588e-09
4350 5.75264946789e-09
4360 5.72629454965e-09
4370 5.7001123821e-09
4380 5.67411495567e-09
4390 5.64829338856e-09
4400 5.62264945714e-09
4410 5.59718094095e-09
4420 5.57188206685e-09
4430 5.546753723e-09
4440 5.52179768576e-09
4450 5.49700773789e-09
4460 5.47238254711e-09
4470 5.4479318834e-09
4480 5.42363887135e-09
4490 5.39950084644e-09
4500 5.37553157542e-09
4510 5.35171995608e-09
4520 5.32806820885e-09
4530 5.3045656756e-09
4540 5.28122123811e-09
4550 5.25804022544e-09
4560 5.23500398586e-09
4570 5.21211651616e-09
4580 5.18937870453e-09
4590 5.16679143914e-09
4600 5.14435161136e-09
4610 5.12205877712e-09
4620 5.09991204822e-09
4630 5.07790476334e-09
4640 5.05604047518e-09
4650 5.0343169633e-09
4660 5.01273422771e-09
4670 4.99128605114e-09
4680 4.96997909494e-09
4690 4.94880580959e-09
4700 4.92777374461e-09
4710 4.90686868915e-09
4720 4.88609774862e-09
4730 4.86546536393e-09
4740 4.84495465969e-09
4750 4.82457540585e-09
4760 4.80433115513e-09
4770 4.78420547623e-09
4780 4.76420725093e-09
4790 4.74433559106e-09
4800 4.72458383527e-09
4810 4.70496530625e-09
4820 4.68546001997e-09
4830 4.66607508187e-09
4840 4.64681981782e-09
4850 4.62767202336e-09
4860 4.60865301477e-09
4870 4.58974369622e-09
4880 4.57095472584e-09
4890 4.5522789982e-09
4900 4.53371074016e-09
4910 4.51526460665e-09
4920 4.49693171589e-09
4930 4.47870629472e-09
4940 4.46058878723e-09
4950 4.4425836343e-09
4960 4.4246926123e-09
4970 4.40690195447e-09
4980 4.38922409529e-09
4990 4.3716457121e-09
5000 4.35417613076e-09
5010 4.33681313083e-09
5020 4.31955182734e-09
5030 4.30239710525e-09
5040 4.28533697416e-09
5050 4.26838342449e-09
5060 4.25152979489e-09
5070 4.23477608535e-09
5080 4.21812140772e-09
5090 4.20155776837e-09
5100 4.18510159861e-09
5110 4.1687338026e-09
5120 4.15247081165e-09
5130 4.13629441809e-09
5140 4.12022149732e-09
5150 4.10423117714e-09
5160 4.08834255339e-09
5170 4.07254008294e-09
5180 4.05683353577e-09
5190 4.04121180964e-09
5200 4.02568423041e-09
5210 4.01024191632e-09
5220 3.99489374914e-09
5230 3.97962995891e-09
5240 3.96445809514e-09
5250 3.94936794379e-09
5260 3.93436883073e-09
5270 3.9194505419e-09
5280 3.90461973865e-09
5290 3.88986665101e-09
5300 3.87520593392e-09
5310 3.86062426472e-09
5320 3.84612386384e-09
5330 3.83170339902e-09
5340 3.81736686705e-09
5350 3.80311160342e-09
5360 3.78893183495e-09
5370 3.77482800573e-09
5380 3.76081610298e-09
5390 3.74687436633e-09
5400 3.73300457213e-09
5410 3.71922093123e-09
5420 3.70550723439e-09
5430 3.6918694768e-09
5440 3.67831409775e-09
5450 3.66482710845e-09
5460 3.65141228365e-09
5470 3.63807162174e-09
5480 3.62481422655e-09
5490 3.61161611728e-09
5500 3.59849550158e-09
5510 3.58544816059e-09
5520 3.57246543459e-09
5530 3.55956109033e-09
5540 3.54672380354e-09
5550 3.53395157582e-09
5560 3.52124840397e-09
5570 3.50862117138e-09
5580 3.49604967198e-09
5590 3.48355722046e-09
5600 3.47112361077e-09
5610 3.45875861285e-09
5620 3.44646000627e-09
5630 3.43423289806e-09
5640 3.42206218917e-09
5650 3.40996386683e-09
5660 3.3979248304e-09
5670 3.38594485783e-09
5680 3.37403460726e-09
5690 3.36218830554e-09
5700 3.35040151178e-09
5710 3.33867511415e-09
5720 3.32701355354e-09
5730 3.31540883636e-09
5740 3.30386806802e-09
5750 3.29238991625e-09
5760 3.28096527724e-09
5770 3.26960281072e-09
5780 3.25829607739e-09
5790 3.24705018429e-09
5800 3.23586735185e-09
5810 3.22473781011e-09
5820 3.21366155909e-09
5830 3.20264859077e-09
5840 3.19168713681e-09
5850 3.18078985373e-09
5860 3.16994297478e-09
5870 3.15915138493e-09
5880 3.14841264171e-09
5890 3.13773318439e-09
5900 3.12710590755e-09
5910 3.11653058915e-09
5920 3.10600811737e-09
5930 3.09554382127e-09
5940 3.08512637659e-09
5950 3.07477066031e-09
5960 3.06445691045e-09
5970 3.05420355673e-09
5980 3.04399305762e-09
5990 3.03383651534e-09
6000 3.02373215355e-09
6010 3.01367997224e-09
6020 3.00368063755e-09
6030 2.99372437951e-09
6040 2.98381941377e-09
6050 2.97396662852e-09
6060 2.96415869627e-09
6070 2.95440027998e-09
6080 2.94468760487e-09
6090 2.93502400162e-09
6100 2.92541213476e-09
6110 2.91584267842e-09
6120 2.90632029554e-09
6130 2.8968454302e-09
6140 2.88742185717e-09
6150 2.87803825216e-09
6160 2.86870149857e-09
6170 2.85940449096e-09
6180 2.85015921975e-09
6190 2.84095635905e-09
6200 2.83180456861e-09
6210 2.82268564078e-09
6220 2.81361978161e-09
6230 2.80459522273e-09
6240 2.79561263028e-09
6250 2.78667289244e-09
6260 2.77777689739e-09
6270 2.7689275317e-09
6280 2.7601139152e-09
6290 2.75134537375e-09
6300 2.74262057509e-09
6310 2.73393174766e-09
6320 2.72528621892e-09
6330 2.71668132434e-09
6340 2.7081183962e-09
6350 2.69959765653e-09
6360 2.69111866125e-09
6370 2.68267297265e-09
6380 2.67426836231e-09
6390 2.66590527431e-09
6400 2.65758437479e-09
6410 2.64929522764e-09
6420 2.64104804693e-09
6430 2.63284194446e-09
6440 2.62466981482e-09
6450 2.61653654299e-09
6460 2.60844701394e-09
6470 2.60038923727e-09
6480 2.59236343503e-09
6490 2.58438559442e-09
6500 2.57643772983e-09
6510 2.56853294189e-09
6520 2.56065457727e-09
6530 2.55282217587e-09
6540 2.54501708596e-09
6550 2.53725418453e-09
6560 2.52952303548e-09
6570 2.52183229854e-09
6580 2.51416776287e-09
6590 2.50654164091e-09
6600 2.49895748539e-09
6610 2.49139531228e-09
6620 2.4838751056e-09
6630 2.47638731743e-09
6640 2.46893772093e-09
6650 2.46152165317e-09
6660 2.45412867805e-09
6670 2.44677700323e-09
6680 2.43945952327e-09
6690 2.43217157525e-09
6700 2.42491537961e-09
6710 2.41769515519e-09
6720 2.41050113203e-09
6730 2.40334463442e-09
6740 2.39621988918e-09
6750 2.38912534201e-09
6760 2.38206276926e-09
6770 2.37502906231e-09
6780 2.36802577547e-09
6790 2.36105690554e-09
6800 2.35411556915e-09
6810 2.34720820558e-09
6820 2.34033259439e-09
6830 2.33348584899e-09
6840 2.32666375055e-09
6850 2.31987962174e-09
6860 2.3131192517e-09
6870 2.30638930176e-09
6880 2.29969132626e-09
6890 2.29302110633e-09
6900 2.28637908606e-09
6910 2.27977126066e-09
6920 2.27318275314e-09
6930 2.26662733027e-09
6940 2.26009633231e-09
6950 2.25359908512e-09
6960 2.24713048169e-09
6970 2.24068941179e-09
6980 2.23427054635e-09
6990 2.22788165694e-09
7000 2.22152296558e-09
7010 2.21518980936e-09
7020 2.20888440872e-09
7030 2.20260365502e-09
7040 2.19634999077e-09
7050 2.19011853098e-09
7060 2.18392104401e-09
7070 2.17775086853e-09
7080 2.1715969023e-09
7090 2.16548001752e-09
7100 2.15938311676e-09
7110 2.15331352749e-09
7120 2.14727058356e-09
7130 2.14124695752e-09
7140 2.13525619408e-09
7150 2.12928674692e-09
7160 2.12334594352e-09
7170 2.11742423595e-09
7180 2.11152872964e-09
7190 2.10566120096e-09
7200 2.09981476651e-09
7210 2.09399853013e-09
7220 2.08819872505e-09
7230 2.08242512123e-09
7240 2.07668260366e-09
7250 2.07095207649e-09
7260 2.06525596624e-09
7270 2.05957584321e-09
7280 2.05391947894e-09
7290 2.04829264661e-09
7300 2.04268246762e-09
7310 2.03709760171e-09
7320 2.0315316096e-09
7330 2.02599825805e-09
7340 2.02047822917e-09
7350 2.01498218111e-09
7360 2.0095147768e-09
7370 2.0040658022e-09
7380 1.99863769978e-09
7390 1.99323069161e-09
7400 1.98784544381e-09
7410 1.98248839567e-09
7420 1.97714977723e-09
7430 1.97182647987e-09
7440 1.96653404672e-09
7450 1.96125249374e-09
7460 1.95600202701e-09
7470 1.95076377274e-09
7480 1.94554972133e-09
7490 1.94036231527e-09
7500 1.93519333891e-09
7510 1.93003879545e-09
7520 1.92491400597e-09
7530 1.91980009667e-09
7540 1.91471727362e-09
7550 1.90964533076e-09
7560 1.90459648053e-09
7570 1.89956628205e-09
7580 1.89455673372e-09
7590 1.88957183234e-09
7600 1.88460469452e-09
7610 1.87964821485e-09
7620 1.87472304347e-09
7630 1.86980853023e-09
7640 1.86491599941e-09
7650 1.86004278646e-09
7660 1.85519100082e-09
7670 1.85035975431e-09
7680 1.84554060922e-09
7690 1.84074189225e-09
7700 1.83596826631e-09
7710 1.83121118269e-09
7720 1.82646497926e-09
7730 1.82174642038e-09
7740 1.81704162827e-09
7750 1.81235015884e-09
7760 1.8076875552e-09
7770 1.80303594277e-09
7780 1.79840520254e-09
7790 1.79378911724e-09
7800 1.78918979632e-09
7810 1.78461145861e-09
7820 1.78005532536e-09
7830 1.77550862901e-09
7840 1.77098280485e-09
7850 1.76646886008e-09
7860 1.76198400315e-09
7870 1.75750114462e-09
7880 1.75304459837e-09
7890 1.74860359525e-09
7900 1.74418191001e-09
7910 1.7397723262e-09
7920 1.73538361459e-09
7930 1.73101455392e-09
7940 1.72665759468e-09
7950 1.72231140461e-09
7960 1.71798630877e-09
7970 1.71367731117e-09
7980 1.70938363464e-09
7990 1.70511083031e-09
8000 1.70085112661e-09
8010 1.69660996363e-09
8020 1.69237979186e-09
8030 1.68816283175e-09
8040 1.6839740713e-09
8050 1.67979119503e-09
8060 1.67562552722e-09
8070 1.67146985142e-09
8080 1.66733415963e-09
8090 1.66321956208e-09
8100 1.65911562267e-09
8110 1.65502267446e-09
8120 1.6509508205e-09
8130 1.64688984672e-09
8140 1.64285118842e-09
8150 1.63882141191e-09
8160 1.63480251558e-09
8170 1.63080449145e-09
8180 1.62682090021e-09
8190 1.62284941041e-09
8200 1.61889412986e-09
8210 1.61495361528e-09
8220 1.61102842178e-09
8230 1.60711854935e-09
8240 1.60321622644e-09
8250 1.59933177812e-09
8260 1.59546276191e-09
8270 1.59160262747e-09
8280 1.58776347625e-09
8290 1.58393531624e-09
8300 1.58011792539e-09
8310 1.5763207406e-09
8320 1.57253032818e-09
8330 1.5687551258e-09
8340 1.56500001847e-09
8350 1.56125379291e-09
8360 1.55752077902e-09
8370 1.55380264211e-09
8380 1.55009116654e-09
8390 1.54639900884e-09
8400 1.54271928565e-09
8410 1.53905332922e-09
8420 1.53540524739e-09
8430 1.53175916395e-09
8440 1.52813228738e-09
8450 1.52451640201e-09
8460 1.52091272909e-09
8470 1.51732537645e-09
8480 1.51375179058e-09
8490 1.51018986205e-09
8500 1.50663770349e-09
8510 1.50309320546e-09
8520 1.49957202211e-09
8530 1.4960609418e-09
8540 1.4925534142e-09
8550 1.4890683131e-09
8560 1.48558976232e-09
8570 1.48212286888e-09
8580 1.47867096345e-09
8590 1.47523426808e-09
8600 1.47179979315e-09
8610 1.46838452508e-09
8620 1.46498457809e-09
8630 1.46158629644e-09
8640 1.45820344688e-09
8650 1.45484058134e-09
8660 1.45148248976e-09
8670 1.44813061542e-09
8680 1.44479384012e-09
8690 1.44147560555e-09
8700 1.43816580866e-09
8710 1.43485989756e-09
8720 1.43157119492e-09
8730 1.42829570393e-09
8740 1.42502887268e-09
8750 1.42177347673e-09
8760 1.41852840585e-09
8770 1.41529599151e-09
8780 1.41206990545e-09
8790 1.4088648026e-09
8800 1.40566502882e-09
8810 1.40247313762e-09
8820 1.39929856591e-09
8830 1.39612954531e-09
8840 1.39296951751e-09
8850 1.38982791942e-09
8860 1.38668487804e-09
8870 1.38356059942e-09
8880 1.38045153086e-09
8890 1.37734179617e-09
8900 1.37425526514e-09
8910 1.37116484833e-09
8920 1.3681007438e-09
8930 1.36503719439e-09
8940 1.36197830791e-09
8950 1.35893551967e-09
8960 1.35590538797e-09
8970 1.35288547032e-09
8980 1.34987321321e-09
8990 1.346875389e-09
9000 1.34388555839e-09
9010 1.34089817028e-09
9020 1.3379268804e-09
9030 1.33496858012e-09
9040 1.33201316643e-09
9050 1.32907229666e-09
9060 1.32613831028e-09
9070 1.3232183127e-09
9080 1.32030841815e-09
9090 1.31739863463e-09
9100 1.31450761387e-09
9110 1.31162758432e-09
9120 1.30875144055e-09
9130 1.30588295733e-09
9140 1.30302457713e-09
9150 1.30018629196e-09
9160 1.29734789578e-09
9170 1.29451394049e-09
9180 1.29169663854e-09
9190 1.28888921758e-09
9200 1.28608557137e-09
9210 1.28330035487e-09
9220 1.28051313997e-09
9230 1.27774291148e-09
9240 1.27497645774e-09
9250 1.27222010704e-09
9260 1.26947696799e-09
9270 1.2667416005e-09
9280 1.26400612199e-09
9290 1.26128796296e-09
9300 1.25858123923e-09
9310 1.25587629185e-09
9320 1.2531814475e-09
9330 1.25049659516e-09
9340 1.24782273403e-09
9350 1.2451588649e-09
9360 1.24249488476e-09
9370 1.2398403415e-09
9380 1.237199454e-09
9390 1.23456656009e-09
9400 1.2319436582e-09
9410 1.2293247531e-09
9420 1.22671961478e-09
9430 1.22411714099e-09
9440 1.22152477022e-09
9450 1.21894283556e-09
9460 1.21636378747e-09
9470 1.21379883922e-09
9480 1.21123733265e-09
9490 1.20869136921e-09
9500 1.20614040977e-09
9510 1.20360710287e-09
9520 1.20108545332e-09
9530 1.19856491398e-09
9540 1.19605247928e-09
9550 1.19354359729e-09
9560 1.19105159069e-09
9570 1.18856202658e-09
9580 1.18608267652e-09
9590 1.18361054291e-09
9600 1.18114218406e-09
9610 1.17869214389e-09
9620 1.17624165963e-09
9630 1.17379639342e-09
9640 1.17136667033e-09
9650 1.16894183222e-09
9660 1.16652376647e-09
9670 1.16411047468e-09
9680 1.16170295605e-09
9690 1.15930909317e-09
9700 1.15692166958e-09
9710 1.15453313576e-09
9720 1.15216292063e-09
9730 1.14979581411e-09
9740 1.14743681223e-09
9750 1.14507914262e-09
9760 1.14274079088e-09
9770 1.14040232813e-09
9780 1.13806830626e-09
9790 1.13574349925e-09
9800 1.13342601971e-09
9810 1.13111953137e-09
9820 1.12881737291e-09
9830 1.12652476236e-09
9840 1.12423315102e-09
9850 1.12194997737e-09
9860 1.11967934924e-09
9870 1.11740983133e-09
9880 1.11514564249e-09
9890 1.1128971078e-09
9900 1.11064957231e-09
9910 1.10840370215e-09
9920 1.10617548454e-09
9930 1.10394982045e-09
9940 1.10172482248e-09
9950 1.09951059368e-09
9960 1.09730569076e-09
9970 1.0951031193e-09
9980 1.0929143146e-09
9990 1.09072217924e-09
10000 1.08854769643e-09
10010 1.08637332463e-09
10020 1.08420283862e-09
10030 1.08204234461e-09
10040 1.07989006626e-09
10050 1.07773934221e-09
10060 1.07560116369e-09
10070 1.07346720402e-09
10080 1.07133224514e-09
10090 1.06920883258e-09
10100 1.06709252545e-09
10110 1.06498931896e-09
10120 1.06288466917e-09
10130 1.06078246187e-09
10140 1.05869801814e-09
10150 1.05660746819e-09
10160 1.05453423771e-09
10170 1.05246600324e-09
10180 1.05039776876e-09
10190 1.04833397518e-09
10200 1.04628039566e-09
10210 1.04422681613e-09
10220 1.04218333963e-09
10230 1.04014996616e-09
10240 1.03811670371e-09
10250 1.03609576474e-09
10260 1.03407782337e-09
10270 1.03205999302e-09
10280 1.03006003727e-09
10290 1.02805997049e-09
10300 1.02606223518e-09
10310 1.02407338165e-09
10320 1.0220844171e-09
10330 1.02010611069e-09
10340 1.01813824038e-09
10350 1.01617037007e-09
10360 1.0142111595e-09
10370 1.01225550164e-09
10380 1.01029995481e-09
10390 1.00836072825e-09
10400 1.00642139067e-09
10410 1.0044856058e-09
10420 1.00256380975e-09
10430 1.00064212472e-09
10440 9.98725879775e-10
10450 9.96818072529e-10
10460 9.94910376306e-10
10470 9.93012783113e-10
10480 9.91119519789e-10
10490 9.89226367487e-10
10500 9.87346648884e-10
10510 9.85468484593e-10
10520 9.83593317905e-10
10530 9.81729697536e-10
10540 9.79866188189e-10
10550 9.78008452002e-10
10560 9.76159486576e-10
10570 9.74310521151e-10
10580 9.72470326488e-10
10590 9.70635904984e-10
10600 9.68801483481e-10
10610 9.66980051587e-10
10620 9.6515995196e-10
10630 9.63341406646e-10
10640 9.61535073785e-10
10650 9.59728740924e-10
10660 9.57928181222e-10
10670 9.56135948194e-10
10680 9.54343826187e-10
10690 9.52560030854e-10
10700 9.50781897657e-10
10710 9.49003653439e-10
10720 9.47236400428e-10
10730 9.45472033997e-10
10740 9.43708888812e-10
10750 9.41957845058e-10
10760 9.40206801303e-10
10770 9.38459754352e-10
10780 9.3672236634e-10
10790 9.34984978329e-10
10800 9.33255250857e-10
10810 9.31530519388e-10
10820 9.29805954453e-10
10830 9.28092158681e-10
10840 9.26381082955e-10
10850 9.2467000723e-10
10860 9.22971865602e-10
10870 9.21273723975e-10
10880 9.19579412617e-10
10890 9.17894038555e-10
10900 9.16208664492e-10
10910 9.14529729723e-10
10920 9.12857123225e-10
10930 9.11184516728e-10
10940 9.09522013259e-10
10950 9.07862007793e-10
10960 9.06202002326e-10
10970 9.04554875447e-10
10980 9.02907693057e-10
10990 9.01262953157e-10
11000 8.99627761175e-10
11010 8.97992569193e-10
11020 8.9636359446e-10
11030 8.94740725954e-10
11040 8.93117857448e-10
11050 8.91503482148e-10
11060 8.89892715072e-10
11070 8.88282003508e-10
11080 8.86683448886e-10
11090 8.85084838753e-10
11100 8.834886156e-10
11110 8.81901884853e-10
11120 8.80315098595e-10
11130 8.78732919762e-10
11140 8.77157735335e-10
11150 8.75582550908e-10
11160 8.74015748664e-10
11170 8.72452554646e-10
11180 8.70889305116e-10
11190 8.69336325149e-10
11200 8.67784455405e-10
11210 8.66234861618e-10
11220 8.64694149616e-10
11230 8.63153437614e-10
11240 8.61617444059e-10
11250 8.60088500421e-10
11260 8.58559556782e-10
11270 8.57037329993e-10
11280 8.55519544096e-10
11290 8.54001758199e-10
11300 8.52493908798e-10
11310 8.50987114109e-10
11320 8.49481429643e-10
11330 8.47985459629e-10
11340 8.46489545125e-10
11350 8.44998016003e-10
11360 8.43512981685e-10
11370 8.42028002879e-10
11380 8.40549407854e-10
11390 8.390751427e-10
11400 8.37600877546e-10
11410 8.36135327642e-10
11420 8.34671998184e-10
11430 8.33209667928e-10
11440 8.31756441499e-10
11450 8.30303270583e-10
11460 8.2885320829e-10
11470 8.27410640003e-10
11480 8.25968016205e-10
11490 8.24531720678e-10
11500 8.23099588487e-10
11510 8.21667456297e-10
11520 8.20243595268e-10
11530 8.18821788151e-10
11540 8.17399981035e-10
11550 8.15988498992e-10
11560 8.1457701695e-10
11570 8.13168476999e-10
11580 8.11766653896e-10
11590 8.10364886306e-10
11600 8.08968059207e-10
11610 8.07576228112e-10
11620 8.06184397018e-10
11630 8.04800559528e-10
11640 8.03418775952e-10
11650 8.02036992376e-10
11660 8.00665200806e-10
11670 7.99293409237e-10
11680 7.97923893625e-10
11690 7.9656337082e-10
11700 7.95202792503e-10
11710 7.93842269697e-10
11720 7.92488352719e-10
11730 7.9114115259e-10
11740 7.89793896949e-10
11750 7.88446641309e-10
11760 7.87106269051e-10
11770 7.85772724665e-10
11780 7.8443923579e-10
11790 7.83105746915e-10
11800 7.8177897489e-10
11810 7.80458975225e-10
11820 7.7913897556e-10
11830 7.77818975894e-10
11840 7.76505637567e-10
11850 7.75198849556e-10
11860 7.73892117056e-10
11870 7.72585384556e-10
11880 7.71285257883e-10
11890 7.69991737037e-10
11900 7.68698271703e-10
11910 7.67404750857e-10
11920 7.66117613793e-10
11930 7.64836860512e-10
11940 7.63556107231e-10
11950 7.62275353949e-10
11960 7.61001150984e-10
11970 7.59733387312e-10
11980 7.5846562364e-10
11990 7.57197859969e-10
12000 7.55936369057e-10
12010 7.54681150905e-10
12020 7.53425877242e-10
12030 7.5217060358e-10
12040 7.50921602677e-10
12050 7.49678874534e-10
12060 7.48436146392e-10
12070 7.47193362738e-10
12080 7.45956851844e-10
12090 7.44726613711e-10
12100 7.43496375577e-10
12110 7.42266137443e-10
12120 7.41040784291e-10
12130 7.39822814122e-10
12140 7.38604788442e-10
12150 7.37386818273e-10
12160 7.36173622062e-10
12170 7.34967586791e-10
12180 7.3376160703e-10
12190 7.3255562727e-10
12200 7.31354310446e-10
12210 7.30160043538e-10
12220 7.28965776631e-10
12230 7.27771565234e-10
12240 7.26582016775e-10
12250 7.25399518231e-10
12260 7.24217019688e-10
12270 7.23034521144e-10
12280 7.21856574515e-10
12290 7.20685622291e-10
12300 7.19514614556e-10
12310 7.1834360682e-10
12320 7.17177095488e-10
12330 7.16017356517e-10
12340 7.14857617545e-10
12350 7.13697823063e-10
12360 7.12542524983e-10
12370 7.1139377722e-10
12380 7.10244973945e-10
12390 7.09096226181e-10
12400 7.07952085843e-10
12410 7.06814828888e-10
12420 7.05677627444e-10
12430 7.04540370489e-10
12440 7.03407387892e-10
12450 7.022809001e-10
12460 7.01154412308e-10
12470 7.00027924516e-10
12480 6.98905711083e-10
12490 6.97789936943e-10
12500 6.96674218315e-10
12510 6.95558444175e-10
12520 6.94446888883e-10
12530 6.93341661862e-10
12540 6.92236379329e-10
12550 6.91131152308e-10
12560 6.90030255157e-10
12570 6.88935852811e-10
12580 6.87841450464e-10
12590 6.86747048118e-10
12600 6.85655809907e-10
12610 6.84571788145e-10
12620 6.83487821895e-10
12630 6.82403800134e-10
12640 6.81322886997e-10
12650 6.80249134799e-10
12660 6.79175382601e-10
12670 6.78101630402e-10
12680 6.77030931318e-10
12690 6.75967448682e-10
12700 6.74903966047e-10
12710 6.73840427901e-10
12720 6.72779942867e-10
12730 6.71726452239e-10
12740 6.70672961611e-10
12750 6.69619470983e-10
12760 6.68568866935e-10
12770 6.6752514627e-10
12780 6.66481370093e-10
12790 6.65437649428e-10
12800 6.64396815342e-10
12810 6.63362809128e-10
12820 6.62328802914e-10
12830 6.612947967e-10
12840 6.60263677066e-10
12850 6.59239163259e-10
12860 6.58214649452e-10
12870 6.57190135644e-10
12880 6.56168563928e-10
12890 6.55153820084e-10
12900 6.54139076239e-10
12910 6.53124332395e-10
12920 6.52112364108e-10
12930 6.51106835114e-10
12940 6.50101361632e-10
12950 6.49095832639e-10
12960 6.48093134714e-10
12970 6.47096876083e-10
12980 6.46100617452e-10
12990 6.45104358821e-10
13000 6.44110820236e-10
13010 6.43123554411e-10
13020 6.42136344098e-10
13030 6.41149078273e-10
13040 6.40164588006e-10
13050 6.39186592544e-10
13060 6.38208597081e-10
13070 6.37230601619e-10
13080 6.36255381714e-10
13090 6.35286601103e-10
13100 6.34317820492e-10
13110 6.3334903988e-10
13120 6.32381924603e-10
13130 6.31421692709e-10
13140 6.30461460815e-10
13150 6.2950117341e-10
13160 6.28542773384e-10
13170 6.27591478786e-10
13180 6.26640239698e-10
13190 6.25689000611e-10
13200 6.24739426858e-10
13210 6.23796680976e-10
13220 6.22853935095e-10
13230 6.21911189214e-10
13240 6.20970164178e-10
13250 6.20035911503e-10
13260 6.19101658828e-10
13270 6.18167406152e-10
13280 6.17234874323e-10
13290 6.16309114854e-10
13300 6.15383355385e-10
13310 6.14457595915e-10
13320 6.13533501781e-10
13330 6.12616013473e-10
13340 6.11698525166e-10
13350 6.10780981347e-10
13360 6.09865158374e-10
13370 6.08955885717e-10
13380 6.08046668571e-10
13390 6.07137395914e-10
13400 6.0622973308e-10
13410 6.0532850954e-10
13420 6.04427230488e-10
13430 6.03526006948e-10
13440 6.02626393231e-10
13450 6.01733385341e-10
13460 6.00840377452e-10
13470 5.99947425073e-10
13480 5.99055971495e-10
13490 5.98170679655e-10
13500 5.97285443327e-10
13510 5.96400206998e-10
13520 5.95516524982e-10
13530 5.94639004703e-10
13540 5.93761484424e-10
13550 5.92884019657e-10
13560 5.9200805369e-10
13570 5.91138304973e-10
13580 5.90268556255e-10
13590 5.89398807538e-10
13600 5.88529835976e-10
13610 5.87668080865e-10
13620 5.86806325753e-10
13630 5.85944570641e-10
13640 5.85083592686e-10
13650 5.84229331579e-10
13660 5.83375070473e-10
13670 5.82520809367e-10
13680 5.81667325417e-10
13690 5.8082028076e-10
13700 5.79973291615e-10
13710 5.79126302469e-10
13720 5.78280034969e-10
13730 5.77440539828e-10
13740 5.76601044688e-10
13750 5.75761549548e-10
13760 5.74922776053e-10
13770 5.74090497363e-10
13780 5.73258274184e-10
13790 5.72426051004e-10
13800 5.71594493959e-10
13810 5.70769487229e-10
13820 5.699444805e-10
13830 5.6911947377e-10
13840 5.68295244197e-10
13850 5.67477453917e-10
13860 5.66659719148e-10
13870 5.65841984379e-10
13880 5.65024915744e-10
13890 5.6421417538e-10
13900 5.63403435017e-10
13910 5.62592694653e-10
13920 5.61782620423e-10
13930 5.60978596909e-10
13940 5.60174573394e-10
13950 5.59370605391e-10
13960 5.58567303521e-10
13970 5.57770274412e-10
13980 5.56973300814e-10
13990 5.56176327215e-10
14000 5.55380019751e-10
14010 5.54589985047e-10
14020 5.53800005854e-10
14030 5.5301002666e-10
14040 5.5222065809e-10
14050 5.51437173701e-10
14060 5.50653633802e-10
14070 5.49870149413e-10
14080 5.49087331159e-10
14090 5.48310508108e-10
14100 5.47533685058e-10
14110 5.46756806497e-10
14120 5.45979983446e-10
14130 5.45209988267e-10
14140 5.44439993089e-10
14150 5.4366999791e-10
14160 5.42900002731e-10
14170 5.42136502357e-10
14180 5.41373001983e-10
14190 5.40609501609e-10
14200 5.39846001235e-10
14210 5.39088773621e-10
14220 5.38331490496e-10
14230 5.37574262882e-10
14240 5.36816979757e-10
14250 5.36066246948e-10
14260 5.35315514139e-10
14270 5.34564725818e-10
14280 5.33813993009e-10
14290 5.33069477449e-10
14300 5.32325017399e-10
14310 5.31580501839e-10
14320 5.30835986279e-10
14330 5.30097743479e-10
14340 5.29359500678e-10
14350 5.28621257878e-10
14360 5.27883015078e-10
14370 5.27150767482e-10
14380 5.26418519886e-10
14390 5.2568627229e-10
14400 5.24954024694e-10
14410 5.24227994347e-10
14420 5.23502019512e-10
14430 5.22775989165e-10
14440 5.22050014329e-10
14450 5.21329757142e-10
14460 5.20609499954e-10
14470 5.19889242767e-10
14480 5.1916898558e-10
14490 5.18455001153e-10
14500 5.17741016726e-10
14510 5.17026976787e-10
14520 5.1631299236e-10
14530 5.15604725582e-10
14540 5.14896514314e-10
14550 5.14188247536e-10
14560 5.13479980757e-10
14570 5.12777542649e-10
14580 5.12075104542e-10
14590 5.11372666434e-10
14600 5.10670228326e-10
14610 5.099731748e-10
14620 5.09276676386e-10
14630 5.0858012246e-10
14640 5.07883624046e-10
14650 5.07192343679e-10
14660 5.06501562914e-10
14670 5.05810837659e-10
14680 5.05120056893e-10
14690 5.04434272131e-10
14700 5.0374904248e-10
14710 5.03063757318e-10
14720 5.02378527667e-10
14730 5.01698238509e-10
14740 5.01018448951e-10
14750 5.00338714904e-10
14760 4.99658980857e-10
14770 4.98984187303e-10
14780 4.9830994886e-10
14790 4.97635654906e-10
14800 4.96961416463e-10
14810 4.96292340557e-10
14820 4.95623875274e-10
14830 4.9495535448e-10
14840 4.94286833685e-10
14850 4.93622864806e-10
14860 4.92959340015e-10
14870 4.92295870735e-10
14880 4.91632345945e-10
14890 4.90973817158e-10
14900 4.90315787971e-10
14910 4.89657814295e-10
14920 4.88999785109e-10
14930 4.88346529881e-10
14940 4.87693774254e-10
14950 4.87041018626e-10
14960 4.86388262999e-10
14970 4.8574022582e-10
14980 4.85092743752e-10
14990 4.84445261684e-10
15000 4.83797724105e-10
15010 4.83154960484e-10
15020 4.82512751976e-10
15030 4.81870487956e-10
15040 4.81228223936e-10
15050 4.8059045632e-10
15060 4.79953243815e-10
15070 4.79315975799e-10
15080 4.78678707783e-10
15090 4.78046047192e-10
15100 4.77413830691e-10
15110 4.76781614189e-10
15120 4.76149453199e-10
15130 4.75521400034e-10
15140 4.74894401581e-10
15150 4.74267403128e-10
15160 4.73640404675e-10
15170 4.7301718098e-10
15180 4.72394956486e-10
15190 4.7177267648e-10
15200 4.71150451986e-10
15210 4.70532224295e-10
15220 4.69914940293e-10
15230 4.69297711803e-10
15240 4.68680427801e-10
15250 4.68066974069e-10
15260 4.67454519537e-10
15270 4.66842009494e-10
15280 4.66229499452e-10
15290 4.65620986212e-10
15300 4.65013499928e-10
15310 4.64406013645e-10
15320 4.63798499606e-10
15330 4.63194593792e-10
15340 4.62591603911e-10
15350 4.61988586276e-10
15360 4.61385596395e-10
15370 4.60786603318e-10
15380 4.60188609441e-10
15390 4.59590587809e-10
15400 4.58992593932e-10
15410 4.58397986236e-10
15420 4.57804238962e-10
15430 4.57210491689e-10
15440 4.56616744415e-10
15450 4.56026993945e-10
15460 4.55438242675e-10
15470 4.54849491405e-10
15480 4.54260740135e-10
15490 4.53675402801e-10
15500 4.53090898134e-10
15510 4.52506393467e-10
15520 4.519218888e-10
15530 4.51340992358e-10
15540 4.5076101185e-10
15550 4.50181003586e-10
15560 4.49600995323e-10
15570 4.49024706306e-10
15580 4.48449333224e-10
15590 4.47873987897e-10
15600 4.47298614814e-10
15610 4.46726294845e-10
15620 4.46155307143e-10
15630 4.45584291686e-10
15640 4.45013303985e-10
15650 4.44445452663e-10
15660 4.43878961365e-10
15670 4.43312442311e-10
15680 4.42745951013e-10
15690 4.42182429561e-10
15700 4.41620184866e-10
15710 4.41057912415e-10
15720 4.4049566772e-10
15730 4.39936392871e-10
15740 4.39378394779e-10
15750 4.38820396687e-10
15760 4.38262398594e-10
15770 4.37707370349e-10
15780 4.3715361886e-10
15790 4.36599867371e-10
15800 4.36046115881e-10
15810 4.35495361994e-10
15820 4.34945857108e-10
15830 4.34396352222e-10
15840 4.33846847336e-10
15850 4.33300145763e-10
15860 4.3275463768e-10
15870 4.32209157353e-10
15880 4.3166364927e-10
15890 4.31121138789e-10
15900 4.30579877309e-10
15910 4.30038615828e-10
15920 4.29497382104e-10
15930 4.28958923937e-10
15940 4.28421687015e-10
15950 4.27884422338e-10
15960 4.27347185417e-10
15970 4.26812724053e-10
15980 4.26279483934e-10
15990 4.2574621606e-10
16000 4.25212975941e-10
16010 4.2468251138e-10
16020 4.24153268064e-10
16030 4.23624024748e-10
16040 4.23094781432e-10
16050 4.22568313674e-10
16060 4.22043067161e-10
16070 4.21517820648e-10
16080 4.20992574135e-10
16090 4.20470158691e-10
16100 4.19948936736e-10
16110 4.19427714782e-10
16120 4.18906492827e-10
16130 4.18387491319e-10
16140 4.17869988611e-10
16150 4.1735251366e-10
16160 4.16835010952e-10
16170 4.16319895225e-10
16180 4.1580638932e-10
16190 4.15292911171e-10
16200 4.14779405267e-10
16210 4.14268147564e-10
16220 4.13758388662e-10
16230 4.13248657516e-10
16240 4.12738898614e-10
16250 4.12231249136e-10
16260 4.11724987437e-10
16270 4.11218753493e-10
16280 4.10712491794e-10
16290 4.1020864483e-10
16300 4.09706407689e-10
16310 4.09204142793e-10
16320 4.08701905652e-10
16330 4.08201750179e-10
16340 4.07703010241e-10
16350 4.07204242547e-10
16360 4.06705502609e-10
16370 4.06209010873e-10
16380 4.05713990181e-10
16390 4.05218997246e-10
16400 4.0472400431e-10
16410 4.04231259576e-10
16420 4.03740013644e-10
16430 4.03248739955e-10
16440 4.02757494022e-10
16450 4.0226819098e-10
16460 4.01780192449e-10
16470 4.01292193919e-10
16480 4.00804195388e-10
16490 4.0031844506e-10
16500 3.99834193532e-10
16510 3.99349942004e-10
16520 3.98865690476e-10
16530 3.98383548372e-10
16540 3.97902794047e-10
16550 3.97422039722e-10
16560 3.96941313152e-10
16570 3.9646261274e-10
16580 3.95985300106e-10
16590 3.95507987472e-10
16600 3.95030647082e-10
16610 3.94555138561e-10
16620 3.94081378641e-10
16630 3.93607618721e-10
16640 3.93133886556e-10
16650 3.92661736459e-10
16660 3.92191251697e-10
16670 3.91720739179e-10
16680 3.91250254417e-10
16690 3.907814905e-10
16700 3.9031450294e-10
16710 3.89847487625e-10
16720 3.89380500065e-10
16730 3.88915261107e-10
16740 3.88451742994e-10
16750 3.87988252637e-10
16760 3.8752476228e-10
16770 3.87062742968e-10
16780 3.86602250213e-10
16790 3.86141757458e-10
16800 3.85681236947e-10
16810 3.85222492794e-10
16820 3.84765497241e-10
16830 3.84308501689e-10
16840 3.83851506136e-10
16850 3.83396009385e-10
16860 3.82942011434e-10
16870 3.82488013484e-10
16880 3.82033987778e-10
16890 3.81581738429e-10
16900 3.81131237681e-10
16910 3.80680736933e-10
16920 3.80230236185e-10
16930 3.79781261994e-10
16940 3.79333758849e-10
16950 3.78886255703e-10
16960 3.78438752557e-10
16970 3.77992886991e-10
16980 3.77548631247e-10
16990 3.77104375504e-10
17000 3.76660119761e-10
17010 3.76217362819e-10
17020 3.75776132433e-10
17030 3.75334874292e-10
17040 3.74893616151e-10
17050 3.74453995589e-10
17060 3.74016012605e-10
17070 3.73578001867e-10
17080 3.73139991128e-10
17090 3.72703451434e-10
17100 3.72268327276e-10
17110 3.71833203117e-10
17120 3.71398078958e-10
17130 3.70964287066e-10
17140 3.70532549088e-10
17150 3.70100811109e-10
17160 3.69669045375e-10
17170 3.69238389863e-10
17180 3.68809399687e-10
17190 3.6838040951e-10
17200 3.67951391578e-10
17210 3.67523594891e-10
17220 3.67097602316e-10
17230 3.66671609742e-10
17240 3.66245589412e-10
17250 3.65820790327e-10
17260 3.65397795354e-10
17270 3.64974800382e-10
17280 3.6455180541e-10
17290 3.64130003927e-10
17300 3.63710006557e-10
17310 3.63290009187e-10
17320 3.62870011816e-10
17330 3.62451207936e-10
17340 3.62034208168e-10
17350 3.616172084e-10
17360 3.61200208632e-10
17370 3.60784291331e-10
17380 3.60370039365e-10
17390 3.59955787399e-10
17400 3.59541563189e-10
17410 3.5912839369e-10
17420 3.58716889526e-10
17430 3.58305413117e-10
17440 3.57893908953e-10
17450 3.57483598279e-10
17460 3.57075091717e-10
17470 3.56666612911e-10
17480 3.56258106349e-10
17490 3.55850598988e-10
17500 3.55444590427e-10
17510 3.55038609623e-10
17520 3.54632601063e-10
17530 3.54227813748e-10
17540 3.5382480279e-10
17550 3.53421791832e-10
17560 3.5301880863e-10
17570 3.52616907895e-10
17580 3.52216644739e-10
17590 3.51816409339e-10
17600 3.51416173938e-10
17610 3.5101674345e-10
17620 3.50619255851e-10
17630 3.50221740497e-10
17640 3.49824252899e-10
17650 3.49427570212e-10
17660 3.49032830416e-10
17670 3.48638062864e-10
17680 3.48243323067e-10
17690 3.47849332671e-10
17700 3.47457063121e-10
17710 3.47064821327e-10
17720 3.46672579532e-10
17730 3.46281142649e-10
17740 3.45891648657e-10
17750 3.45502154664e-10
17760 3.45112660671e-10
17770 3.4472397159e-10
17780 3.443372254e-10
17790 3.43950479209e-10
17800 3.43563733018e-10
17810 3.43177736228e-10
17820 3.4279348804e-10
17830 3.42409212095e-10
17840 3.42024963906e-10
17850 3.41641465118e-10
17860 3.41259714931e-10
17870 3.40877964744e-10
17880 3.40496214557e-10
17890 3.40115213771e-10
17900 3.39735961585e-10
17910 3.39356737156e-10
17920 3.3897748497e-10
17930 3.38599037697e-10
17940 3.38222561069e-10
17950 3.37846056686e-10
17960 3.37469552303e-10
17970 3.37093714053e-10
17980 3.36719485627e-10
17990 3.36345229446e-10
18000 3.35970973264e-10
18010 3.3559754975e-10
18020 3.3522604137e-10
18030 3.34854560746e-10
18040 3.34483052367e-10
18050 3.34112237876e-10
18060 3.33742977698e-10
18070 3.3337371752e-10
18080 3.33004485098e-10
18090 3.32635974321e-10
18100 3.32269184389e-10
18110 3.31902422213e-10
18120 3.31536131881e-10
18130 3.31171728929e-10
18140 3.30807353732e-10
18150 3.30442978536e-10
18160 3.30078575583e-10
18170 3.29714200387e-10
18180 3.29351573791e-10
18190 3.28990695797e-10
18200 3.28629817803e-10
18210 3.28268939809e-10
18220 3.27908061815e-10
18230 3.2754718382e-10
18240 3.27188970362e-10
18250 3.26831423036e-10
18260 3.26473875711e-10
18270 3.26116328386e-10
18280 3.25758781061e-10
18290 3.25401566803e-10
18300 3.25047294636e-10
18310 3.24692994713e-10
18320 3.24338722546e-10
18330 3.23984422623e-10
18340 3.23630150456e-10
18350 3.23277460357e-10
18360 3.22926407836e-10
18370 3.22575355316e-10
18380 3.22224302796e-10
18390 3.21873250275e-10
18400 3.21522197755e-10
18410 3.21173837525e-10
18420 3.20826115674e-10
18430 3.20478393823e-10
18440 3.20130671971e-10
18450 3.1978295012e-10
18460 3.1943553358e-10
18470 3.19090975864e-10
18480 3.18746418149e-10
18490 3.18401860433e-10
18500 3.18057302717e-10
18510 3.17712745002e-10
18520 3.17369436287e-10
18530 3.17027987196e-10
18540 3.1668656586e-10
18550 3.16345144524e-10
18560 3.16003723189e-10
18570 3.15662274097e-10
18580 3.15323406275e-10
18590 3.14985149075e-10
18600 3.1464691963e-10
18610 3.1430866243e-10
18620 3.13970432986e-10
18630 3.13632481097e-10
18640 3.13297221499e-10
18650 3.12961934146e-10
18660 3.12626674548e-10
18670 3.1229141495e-10
18680 3.11956155352e-10
18690 3.11622144755e-10
18700 3.11290049293e-10
18710 3.10957953831e-10
18720 3.10625830613e-10
18730 3.10293735151e-10
18740 3.09961639688e-10
18750 3.09631625894e-10
18760 3.09302500279e-10
18770 3.08973374663e-10
18780 3.08644249047e-10
18790 3.08315123432e-10
18800 3.07985997816e-10
18810 3.0765975878e-10
18820 3.07333491989e-10
18830 3.07007252953e-10
18840 3.06680986162e-10
18850 3.06354747126e-10
18860 3.06029673824e-10
18870 3.05706321369e-10
18880 3.05382996668e-10
18890 3.05059671968e-10
18900 3.04736319512e-10
18910 0
18920 0
18930 0
18940 0
18950 0
18960 0
18970 0
18980 0
18990 0
19000 0
19010 0
19020 0
19030 0
19040 0
19050 0
19060 0
19070 0
19080 0
19090 0
19100 0
19110 0
19120 0
19130 0
19140 0
19150 0
19160 0
19170 0
19180 0
19190 0
19200 0
19210 0
19220 0
19230 0
19240 0
19250 0
19260 0
19270 0
19280 0
19290 0
19300 0
