1800 0
1810 0
1820 0
1830 0
1840 0
1850 0
1860 0
1870 0
1880 0
1890 0
1900 0
1910 0
1920 0
1930 0
1940 0
1950 0
1960 0
1970 0
1980 0
1990 0
2000 0
2010 0
2020 0
2030 0
2040 0
2050 0
2060 0
2070 0
2080 0
2090 0
2100 0
2110 0
2120 0
2130 0
2140 0
2150 0
2160 0
2170 0
2180 0
2190 0
2200 0
2210 0
2220 0
2230 0
2240 0
2250 0
2260 0
2270 0
2280 0
2290 0
2300 0
2310 0
2320 0
2330 0
2340 0
2350 0
2360 0
2370 0
2380 0
2390 0
2400 0
2410 0
2420 0
2430 0
2440 0
2450 0
2460 0
2470 0
2480 0
2490 0
2500 0
2510 0
2520 0
2530 0
2540 0
2550 0
2560 0
2570 0
2580 0
2590 0
2600 0
2610 0
2620 0
2630 0
2640 0
2650 0
2660 0
2670 0
2680 0
2690 0
2700 0
2710 0
2720 0
2730 0
2740 0
2750 0
2760 0
2770 0
2780 0
2790 0
2800 0
2810 0
2820 0
2830 0
2840 0
2850 0
2860 0
2870 0
2880 0
2890 0
2900 0
2910 0
2920 0
2930 0
2940 0
2950 0
2960 0
2970 0
2980 0
2990 0
3000 0
3010 0
3020 0
3030 0
3040 4.39513307476e-13
3050 4.71325127364e-13
3060 4.51323792791e-13
3070 4.4377227045e-13
3080 4.58019039362e-13
3090 4.18251831823e-13
3100 4.30980284013e-13
3110 4.6579818995e-13
3120 4.45031381538e-13
3130 4.55275628395e-13
3140 4.45488101703e-13
3150 4.59419286468e-13
3160 4.4656471446e-13
3170 4.86713642479e-13
3180 4.42464261844e-13
3190 4.48593365145e-13
3200 4.85289542926e-13
3210 4.46876016009e-13
3220 4.67448128816e-13
3230 4.42825246957e-13
3240 4.73620925465e-13
3250 4.75817681696e-13
3260 5.01013998084e-13
3270 4.93234034345e-13
3280 4.97282336837e-13
3290 5.16829255174e-13
3300 5.12075028648e-13
3310 5.15126840923e-13
3320 4.97625757875e-13
3330 5.03131715977e-13
3340 4.98267713981e-13
3350 5.01958500806e-13
3360 4.91238722877e-13
3370 4.8428372857e-13
3380 4.92596306627e-13
3390 4.95538343432e-13
3400 5.06531286099e-13
3410 4.99229347098e-13
3420 5.09262499792e-13
3430 5.22732898633e-13
3440 4.85537933644e-13
3450 5.09505144238e-13
3460 5.1160193703e-13
3470 5.08152005717e-13
3480 5.20678931828e-13
3490 5.02621219384e-13
3500 5.17864776669e-13
3510 5.04179976848e-13
3520 5.00736008647e-13
3530 5.20104142046e-13
3540 5.3177438581e-13
3550 5.3259274161e-13
3560 5.27037669149e-13
3570 4.94949621652e-13
3580 4.93153640754e-13
3590 5.19478557393e-13
3600 5.17814849159e-13
3610 5.12820146591e-13
3620 5.21241578545e-13
3630 5.11183760252e-13
3640 5.17965607471e-13
3650 5.339601916e-13
3660 5.4653612365e-13
3670 5.46192431561e-13
3680 5.25287821053e-13
3690 5.46218615043e-13
3700 5.3598103603e-13
3710 5.4274851757e-13
3720 5.20968684858e-13
3730 5.14730077138e-13
3740 5.89180559809e-13
3750 5.49375269669e-13
3760 6.21316854302e-13
3770 5.5321399588e-13
3780 6.99213581999e-13
3790 6.13172219163e-13
3800 6.24207933606e-13
3810 6.91850006104e-13
3820 6.70931897279e-13
3830 5.21074936671e-13
3840 6.47242459281e-13
3850 7.30170644e-13
3860 7.40269445135e-13
3870 7.14812594966e-13
3880 6.43639547042e-13
3890 5.87571983256e-13
3900 6.88391997485e-13
3910 7.39559943234e-13
3920 7.12486927096e-13
3930 4.02056534766e-13
3940 6.9238169885e-13
3950 7.11477155402e-13
3960 5.97240085078e-13
3970 5.11258515992e-13
3980 7.10189394272e-13
3990 7.5390095642e-13
4000 7.62304878509e-13
4010 7.69450529767e-13
4020 7.75144867998e-13
4030 7.53626273799e-13
4040 7.67592803555e-13
4050 7.72721079831e-13
4060 7.51424367607e-13
4070 7.49067149454e-13
4080 7.47599356553e-13
4090 7.05386107597e-13
4100 5.54818072995e-13
4110 7.20102905256e-13
4120 7.50085703185e-13
4130 7.5245370915e-13
4140 7.61345630637e-13
4150 7.61629583186e-13
4160 7.68828848242e-13
4170 7.48165743768e-13
4180 7.53538670264e-13
4190 7.59125618269e-13
4200 7.44342684277e-13
4210 7.52275683153e-13
4220 7.38773137717e-13
4230 7.414147421e-13
4240 7.52958459471e-13
4250 7.43096014409e-13
4260 7.53339556535e-13
4270 7.31257610888e-13
4280 7.335695636e-13
4290 7.15770108115e-13
4300 6.85257569005e-13
4310 6.99641841857e-13
4320 7.03340001258e-13
4330 6.65287107088e-13
4340 5.68500921252e-13
4350 6.94071319515e-13
4360 7.36765141084e-13
4370 7.28996669887e-13
4380 7.24630479319e-13
4390 7.34719305794e-13
4400 7.27285527809e-13
4410 7.36640945725e-13
4420 7.35792015424e-13
4430 7.33831669476e-13
4440 7.27257555393e-13
4450 7.25237524115e-13
4460 7.30023300925e-13
4470 7.36704859443e-13
4480 7.30118764926e-13
4490 7.3541064731e-13
4500 7.37622094481e-13
4510 7.3956319584e-13
4520 7.26524905775e-13
4530 7.1008373877e-13
4540 7.30652788706e-13
4550 7.16181074948e-13
4560 7.26819158244e-13
4570 7.25226627883e-13
4580 7.21744983657e-13
4590 7.26077726589e-13
4600 7.26829783426e-13
4610 7.24297358201e-13
4620 7.25560074261e-13
4630 7.25186349772e-13
4640 7.24699434577e-13
4650 7.182932092e-13
4660 7.21693755104e-13
4670 7.21264031573e-13
4680 7.1916653405e-13
4690 7.18620096155e-13
4700 7.08039963465e-13
4710 7.1419085923e-13
4720 7.16019474614e-13
4730 7.09396463013e-13
4740 7.10460715866e-13
4750 7.08632967843e-13
4760 7.03682012833e-13
4770 7.05717873462e-13
4780 6.99810164245e-13
4790 7.00585802479e-13
4800 6.98965950223e-13
4810 6.95815746601e-13
4820 6.90058470434e-13
4830 6.8737143798e-13
4840 6.75863878752e-13
4850 6.27637644548e-13
4860 5.25890908511e-13
4870 6.4346867678e-13
4880 6.7045788409e-13
4890 6.72282487926e-13
4900 6.81471751859e-13
4910 6.79114479495e-13
4920 6.69321857053e-13
4930 6.7521433323e-13
4940 6.82997386946e-13
4950 6.80156885674e-13
4960 6.77597030135e-13
4970 6.78210959615e-13
4980 6.64715895174e-13
4990 6.6941504423e-13
5000 6.6510843057e-13
5010 6.58910805692e-13
5020 6.68042173229e-13
5030 6.68978598645e-13
5040 6.6030747493e-13
5050 6.65668692043e-13
5060 6.61970586853e-13
5070 6.63262684792e-13
5080 6.58211657921e-13
5090 6.62436793787e-13
5100 6.57009874023e-13
5110 6.57059530482e-13
5120 6.52390305406e-13
5130 6.50737872875e-13
5140 6.46364147101e-13
5150 6.49688798853e-13
5160 6.3464072322e-13
5170 6.1965357975e-13
5180 6.17922650981e-13
5190 6.33262214368e-13
5200 6.32259381569e-13
5210 6.40488801319e-13
5220 6.37740999333e-13
5230 6.34360077488e-13
5240 6.4455678208e-13
5250 6.41632688821e-13
5260 6.2397049333e-13
5270 6.25586930349e-13
5280 6.32772317617e-13
5290 6.37366028011e-13
5300 6.3487030303e-13
5310 6.30475489524e-13
5320 6.22891332697e-13
5330 6.27684590502e-13
5340 6.2581732331e-13
5350 6.31625556979e-13
5360 6.23655912069e-13
5370 6.2139551317e-13
5380 6.22149575781e-13
5390 6.16848640309e-13
5400 6.0937284949e-13
5410 6.1577116019e-13
5420 6.15324252055e-13
5430 6.12202834e-13
5440 6.11418142678e-13
5450 6.10122521082e-13
5460 6.12038956842e-13
5470 6.10567802914e-13
5480 6.10871000051e-13
5490 6.09490810686e-13
5500 6.04594011574e-13
5510 6.03310316202e-13
5520 6.04133659331e-13
5530 6.02880755301e-13
5540 6.02575552389e-13
5550 6.02947325314e-13
5560 5.99445840188e-13
5570 5.96136150426e-13
5580 5.92744874451e-13
5590 5.88111644887e-13
5600 5.89203165424e-13
5610 5.89588707717e-13
5620 5.92152412174e-13
5630 5.93022809678e-13
5640 5.91301584519e-13
5650 5.88395814276e-13
5660 5.8676045793e-13
5670 5.86672366503e-13
5680 5.86663855516e-13
5690 5.84343825497e-13
5700 5.82838790252e-13
5710 5.79148057636e-13
5720 5.80395486446e-13
5730 5.77990726027e-13
5740 5.78655125118e-13
5750 5.76877521447e-13
5760 5.74315063822e-13
5770 5.75322775531e-13
5780 5.73311797342e-13
5790 5.72614763765e-13
5800 5.71355246101e-13
5810 5.7049644956e-13
5820 5.68719116939e-13
5830 5.65325022038e-13
5840 5.66153569338e-13
5850 5.63507790777e-13
5860 5.60502436565e-13
5870 5.61603281241e-13
5880 5.54974631788e-13
5890 5.45109964112e-13
5900 5.53246684576e-13
5910 5.56747519181e-13
5920 5.55955401074e-13
5930 5.5335358691e-13
5940 5.529094977e-13
5950 5.5212567374e-13
5960 5.51847087991e-13
5970 5.49177836453e-13
5980 5.48610039775e-13
5990 5.47412050585e-13
6000 5.45062367636e-13
6010 5.4302314598e-13
6020 5.42205549122e-13
6030 5.42269733891e-13
6040 5.40837882292e-13
6050 5.38820344679e-13
6060 5.36948957519e-13
6070 5.35195097875e-13
6080 5.36004292166e-13
6090 5.30844682448e-13
6100 5.30533462214e-13
6110 5.28937245566e-13
6120 5.25349403736e-13
6130 5.25201789611e-13
6140 5.26363891709e-13
6150 5.24479494123e-13
6160 5.2051055523e-13
6170 5.21995532736e-13
6180 5.22285123136e-13
6190 5.19978211964e-13
6200 5.21671518917e-13
6210 5.18192856246e-13
6220 5.14738100234e-13
6230 5.16204808933e-13
6240 5.12238038444e-13
6250 5.11081303146e-13
6260 5.12111783101e-13
6270 5.12823832878e-13
6280 5.11634571515e-13
6290 5.12028841635e-13
6300 5.09623864376e-13
6310 5.05307438687e-13
6320 5.01176140519e-13
6330 4.98986160551e-13
6340 5.00191576526e-13
6350 5.02881807377e-13
6360 4.99579219139e-13
6370 4.97788821881e-13
6380 4.97991567688e-13
6390 4.96913437047e-13
6400 4.93436617521e-13
6410 4.92865676657e-13
6420 4.9318692576e-13
6430 4.90765956519e-13
6440 4.89600764444e-13
6450 4.86961165835e-13
6460 4.86636664125e-13
6470 4.87869618836e-13
6480 4.8456778954e-13
6490 4.82010102405e-13
6500 4.83974947792e-13
6510 4.82278605073e-13
6520 4.79246633697e-13
6530 4.76641458507e-13
6540 4.66504439245e-13
6550 4.32498763366e-13
6560 3.94941132749e-13
6570 4.49000889637e-13
6580 4.66404258964e-13
6590 4.72592884965e-13
6600 4.73396441405e-13
6610 4.73991559977e-13
6620 4.72723260276e-13
6630 4.71284144522e-13
6640 4.69029004004e-13
6650 4.68422989199e-13
6660 4.68138223499e-13
6670 4.66053844822e-13
6680 4.65217816527e-13
6690 4.64745700691e-13
6700 4.62800967254e-13
6710 4.60625190334e-13
6720 4.60626491377e-13
6730 4.59741890824e-13
6740 4.59673857138e-13
6750 4.57119043139e-13
6760 4.5707491611e-13
6770 4.54273120856e-13
6780 4.53192984442e-13
6790 4.51900994923e-13
6800 4.52214248036e-13
6810 4.49725732999e-13
6820 4.49411151739e-13
6830 4.49897253783e-13
6840 4.4682405562e-13
6850 4.44620387599e-13
6860 4.4365230348e-13
6870 4.44741303247e-13
6880 4.43411854543e-13
6890 4.42206818038e-13
6900 4.40914232208e-13
6910 4.39944847046e-13
6920 4.39150316589e-13
6930 4.39169452757e-13
6940 4.36692240528e-13
6950 4.3481646235e-13
6960 4.35362222618e-13
6970 4.33540112447e-13
6980 4.333720069e-13
6990 4.3135319535e-13
7000 4.29455489183e-13
7010 4.29250276816e-13
7020 4.29518508434e-13
7030 4.28439564642e-13
7040 4.27113314334e-13
7050 4.26241588683e-13
7060 4.2449599608e-13
7070 4.23557537784e-13
7080 4.21692330577e-13
7090 4.2053115005e-13
7100 4.2001937952e-13
7110 4.19886510544e-13
7120 4.18244052672e-13
7130 4.17207745131e-13
7140 4.14501305458e-13
7150 4.15225552509e-13
7160 4.13999319852e-13
7170 4.13095284976e-13
7180 4.10943170768e-13
7190 4.10673204427e-13
7200 4.09378395983e-13
7210 4.1086649057e-13
7220 4.09477871532e-13
7230 4.09822159932e-13
7240 4.07067066686e-13
7250 4.05144667814e-13
7260 4.05643753179e-13
7270 4.05437971607e-13
7280 4.03224871028e-13
7290 4.018411309e-13
7300 3.99809227608e-13
7310 3.99038007498e-13
7320 3.98572776346e-13
7330 3.98345392045e-13
7340 3.97648981885e-13
7350 3.95868342447e-13
7360 3.95568560546e-13
7370 3.95294501342e-13
7380 3.94302347934e-13
7390 3.90808398013e-13
7400 3.90964550231e-13
7410 3.89254031568e-13
7420 3.88900283504e-13
7430 3.86770910438e-13
7440 3.87276582331e-13
7450 3.87476265266e-13
7460 3.86022702518e-13
7470 3.84828860401e-13
7480 3.8426946629e-13
7490 3.81835486623e-13
7500 3.80343841274e-13
7510 3.80890631535e-13
7520 3.80231382404e-13
7530 3.78939501305e-13
7540 3.78958447738e-13
7550 3.76174026824e-13
7560 3.77167156014e-13
7570 3.75104054805e-13
7580 3.75613684036e-13
7590 3.74258702371e-13
7600 3.73257495875e-13
7610 3.71016260249e-13
7620 3.70895344602e-13
7630 3.70393169261e-13
7640 3.69382096525e-13
7650 3.67149371886e-13
7660 3.64973784701e-13
7670 3.67204286726e-13
7680 3.65021706437e-13
7690 3.63547679374e-13
7700 3.63550091724e-13
7710 3.62052239317e-13
7720 3.62569349543e-13
7730 3.62309872859e-13
7740 3.60325782883e-13
7750 3.57745734078e-13
7760 3.60776052045e-13
7770 3.56953426235e-13
7780 3.56423929e-13
7790 3.56203049912e-13
7800 3.56843271295e-13
7810 3.54971342034e-13
7820 3.55294895067e-13
7830 3.53363172056e-13
7840 3.52332122895e-13
7850 3.49314517199e-13
7860 3.51509403182e-13
7870 3.51996426798e-13
7880 3.48634397176e-13
7890 3.48732761418e-13
7900 3.49772348671e-13
7910 3.47437627713e-13
7920 3.47093474838e-13
7930 3.46663886833e-13
7940 3.45947527352e-13
7950 3.46601490998e-13
7960 3.42272109093e-13
7970 3.41244177013e-13
7980 3.43420875504e-13
7990 3.41224634269e-13
8000 3.38581620423e-13
8010 3.38632740555e-13
8020 3.38827924051e-13
8030 3.37645493162e-13
8040 3.3516150467e-13
8050 3.3376445596e-13
8060 3.34406086806e-13
8070 3.33444562109e-13
8080 3.31759630618e-13
8090 3.31747731499e-13
8100 3.31317167711e-13
8110 3.30419990414e-13
8120 3.30454847514e-13
8130 3.30956833119e-13
8140 3.27911634478e-13
8150 3.27799609288e-13
8160 3.27470635244e-13
8170 3.26608857147e-13
8180 3.23381892011e-13
8190 3.2210865919e-13
8200 3.21290438915e-13
8210 3.22027154291e-13
8220 3.22177180767e-13
8230 3.20942735279e-13
8240 3.19383571239e-13
8250 3.19598920896e-13
8260 3.18973905448e-13
8270 3.18491571007e-13
8280 3.18555782881e-13
8290 3.1617761252e-13
8300 3.15710511119e-13
8310 3.15386253355e-13
8320 3.1445562842e-13
8330 3.13246119581e-13
8340 3.12745163968e-13
8350 3.12168368412e-13
8360 3.11762849694e-13
8370 3.11474479021e-13
8380 3.12071711788e-13
8390 3.0949266587e-13
8400 3.09965459333e-13
8410 3.08393122237e-13
8420 3.0766331865e-13
8430 3.07548393219e-13
8440 3.03232509631e-13
8450 3.05259886379e-13
8460 3.03980988601e-13
8470 3.05409614699e-13
8480 3.03115415797e-13
8490 2.96917655393e-13
8500 2.97504425609e-13
8510 3.00167497195e-13
8520 2.97906095409e-13
8530 2.8827480225e-13
8540 2.8100864192e-13
8550 2.9471049082e-13
8560 2.97249882044e-13
8570 2.97781981365e-13
8580 2.97150108339e-13
8590 2.94413473635e-13
8600 2.94748871577e-13
8610 2.95210904333e-13
8620 2.93935340477e-13
8630 2.93444630574e-13
8640 2.89020733344e-13
8650 2.83141159173e-13
8660 2.75250769443e-13
8670 2.85714269084e-13
8680 2.87333010033e-13
8690 2.89706274378e-13
8700 2.91157641616e-13
8710 2.88591606125e-13
8720 2.87338810514e-13
8730 2.83928832051e-13
8740 2.82028794849e-13
8750 2.8135293032e-13
8760 2.85148640811e-13
8770 2.85324173142e-13
8780 2.84256315318e-13
8790 2.83787316563e-13
8800 2.82631773887e-13
8810 2.82526389436e-13
8820 2.8107353142e-13
8830 2.81013900301e-13
8840 2.7940169167e-13
8850 2.75552448697e-13
8860 2.71784304047e-13
8870 2.75790295549e-13
8880 2.80107046498e-13
8890 2.78064816181e-13
8900 2.7544917844e-13
8910 2.76291224057e-13
8920 2.78101245374e-13
8930 2.75541281415e-13
8940 2.73860849363e-13
8950 2.74702515509e-13
8960 2.75549358721e-13
8970 2.73250253804e-13
8980 2.71627989198e-13
8990 2.70097041521e-13
9000 2.64227469115e-13
9010 2.59704828172e-13
9020 2.67110227166e-13
9030 2.68631010448e-13
9040 2.67673307564e-13
9050 2.67508508834e-13
9060 2.6829246832e-13
9070 2.68623827609e-13
9080 2.68735066752e-13
9090 2.64127261729e-13
9100 2.65152185147e-13
9110 2.65347178908e-13
9120 2.64377956376e-13
9130 2.63826449836e-13
9140 2.65927471016e-13
9150 2.68065273755e-13
9160 2.65567976681e-13
9170 2.61758957608e-13
9180 2.6007801056e-13
9190 2.60573626478e-13
9200 2.58569072186e-13
9210 2.51460229592e-13
9220 2.44579557345e-13
9230 2.48413025176e-13
9240 2.52113325876e-13
9250 2.52084187942e-13
9260 2.54459810427e-13
9270 2.5358258245e-13
9280 2.52652499616e-13
9290 2.56229418108e-13
9300 2.54369740332e-13
9310 2.51898816476e-13
9320 2.49381217716e-13
9330 2.50094243275e-13
9340 2.49579545399e-13
9350 2.48405489971e-13
9360 2.50264896697e-13
9370 2.50340546903e-13
9380 2.4980972152e-13
9390 2.50265682743e-13
9400 2.48277093329e-13
9410 2.47214602305e-13
9420 2.4486172096e-13
9430 2.45385227979e-13
9440 2.46786559287e-13
9450 2.46231014094e-13
9460 2.44895114387e-13
9470 2.43660723109e-13
9480 2.44628021182e-13
9490 2.42525319489e-13
9500 2.41835712697e-13
9510 2.39726316055e-13
9520 2.37784184703e-13
9530 2.34214150895e-13
9540 2.26840126002e-13
9550 2.33088830355e-13
9560 2.36628533608e-13
9570 2.37881708689e-13
9580 2.37064437091e-13
9590 2.37204461802e-13
9600 2.36535861427e-13
9610 2.37056630836e-13
9620 2.35660015807e-13
9630 2.33444042092e-13
9640 2.34224125555e-13
9650 2.34083423218e-13
9660 2.34909585273e-13
9670 2.3465349672e-13
9680 2.30891315182e-13
9690 2.32928964745e-13
9700 2.34221713205e-13
9710 2.30474927337e-13
9720 2.287243203e-13
9730 2.28658617648e-13
9740 2.27704790787e-13
9750 2.27636458945e-13
9760 2.28779939871e-13
9770 2.28343982177e-13
9780 2.28902427611e-13
9790 2.28822088231e-13
9800 2.28308366136e-13
9810 2.26567625338e-13
9820 2.24683051569e-13
9830 2.25117789535e-13
9840 2.2558432173e-13
9850 2.26077294906e-13
9860 2.23588508819e-13
9870 2.20587925096e-13
9880 2.26319993562e-13
9890 2.2474939119e-13
9900 2.21989310614e-13
9910 2.20323149373e-13
9920 2.20839880129e-13
9930 2.20222616727e-13
9940 2.19634369285e-13
9950 2.18522221802e-13
9960 2.18730578355e-13
9970 2.17440906318e-13
9980 2.18211774062e-13
9990 2.17341254586e-13
10000 2.18377467259e-13
10010 2.17649777866e-13
10020 2.15977667066e-13
10030 2.10604564387e-13
10040 2.05552155158e-13
10050 2.05865232088e-13
10060 2.10461625883e-13
10070 2.11610785318e-13
10080 2.10958786789e-13
10090 2.10960006517e-13
10100 2.1178900105e-13
10110 2.12084419037e-13
10120 2.12172252966e-13
10130 2.14807392793e-13
10140 2.13499126689e-13
10150 2.12460271273e-13
10160 2.09968842443e-13
10170 2.10992478372e-13
10180 2.10608697908e-13
10190 2.10224917444e-13
10200 2.0982740827e-13
10210 2.09390298611e-13
10220 2.08953202505e-13
10230 2.0848774096e-13
10240 2.07986690479e-13
10250 2.07485639997e-13
10260 2.06995770351e-13
10270 2.06512460127e-13
10280 2.06029163456e-13
10290 2.0555168082e-13
10300 2.05075512778e-13
10310 2.04599195659e-13
10320 2.04023497857e-13
10330 2.03447813609e-13
10340 2.02922734497e-13
10350 2.02617138562e-13
10360 2.02311542627e-13
10370 2.02064303874e-13
10380 2.01915049893e-13
10390 2.01765809464e-13
10400 2.01441714329e-13
10410 2.00979735784e-13
10420 2.00517757238e-13
10430 2.00013427045e-13
10440 1.994946092e-13
10450 1.98975804908e-13
10460 1.98503282496e-13
10470 1.98034202426e-13
10480 1.97575923721e-13
10490 1.97199258333e-13
10500 1.96822579394e-13
10510 1.96427604542e-13
10520 1.95990508436e-13
10530 1.95553398778e-13
10540 1.95265719284e-13
10550 1.95134232665e-13
10560 1.950027596e-13
10570 1.94665057728e-13
10580 1.94227975175e-13
10590 1.93790892621e-13
10600 1.93304844787e-13
10610 1.9281089583e-13
10620 1.92332369649e-13
10630 1.92168899066e-13
10640 1.92005442036e-13
10650 1.91682458209e-13
10660 1.9083316199e-13
10670 1.8998386577e-13
10680 1.8930113011e-13
10690 1.88849830956e-13
10700 1.88398531801e-13
10710 1.88024549814e-13
10720 1.87701159411e-13
10730 1.87377782561e-13
10740 1.86857799199e-13
10750 1.86285679265e-13
10760 1.85713559331e-13
10770 1.85634087312e-13
10780 1.85566568622e-13
10790 1.85458121299e-13
10800 1.85138295211e-13
10810 1.84818469123e-13
10820 1.84343968042e-13
10830 1.83579957876e-13
10840 1.8281594771e-13
10850 1.82013976916e-13
10860 1.81178897297e-13
10870 1.80343817679e-13
10880 1.79388486487e-13
10890 1.78386399077e-13
10900 1.77384298114e-13
10910 1.77061436259e-13
10920 1.76809128861e-13
10930 1.76573463967e-13
10940 1.76502394514e-13
10950 1.76431325062e-13
10960 1.76320763545e-13
10970 1.76107555188e-13
10980 1.75894346831e-13
10990 1.75949722457e-13
11000 1.7631574911e-13
11010 1.76681775764e-13
11020 1.76572203582e-13
11030 1.76206190481e-13
11040 1.7584017738e-13
11050 1.75471182723e-13
11060 1.75101591755e-13
11070 1.74731174083e-13
11080 1.74322511179e-13
11090 1.73913861827e-13
11100 1.73477917686e-13
11110 1.72937781717e-13
11120 1.72397645747e-13
11130 1.72021075227e-13
11140 1.71896703685e-13
11150 1.71772318591e-13
11160 1.71433857778e-13
11170 1.70939922373e-13
11180 1.70445973416e-13
11190 1.70071666169e-13
11200 1.69734072717e-13
11210 1.69396479266e-13
11220 1.69315773966e-13
11230 1.69248255276e-13
11240 1.69132503142e-13
11250 1.68713174399e-13
11260 1.68293845656e-13
11270 1.67858443616e-13
11280 1.67389377099e-13
11290 1.66920310581e-13
11300 1.66454862589e-13
11310 1.65992897596e-13
11320 1.65530946155e-13
11330 1.65019595753e-13
11340 1.64486561307e-13
11350 1.63953540414e-13
11360 1.6330156899e-13
11370 1.62633510717e-13
11380 1.61979425099e-13
11390 1.61520997315e-13
11400 1.61062583084e-13
11410 1.60686771506e-13
11420 1.6055529844e-13
11430 1.60423811821e-13
11440 1.60222190875e-13
11450 1.59930797989e-13
11460 1.5963939155e-13
11470 1.59274747254e-13
11480 1.58866097903e-13
11490 1.58457434999e-13
11500 1.58345436914e-13
11510 1.58302787111e-13
11520 1.58260150861e-13
11530 1.58086488778e-13
11540 1.57912365909e-13
11550 1.57669531728e-13
11560 1.57118757024e-13
11570 1.5656798232e-13
11580 1.56108782043e-13
11590 1.55806723317e-13
11600 1.55504664592e-13
11610 1.55062784444e-13
11620 1.54508431873e-13
11630 1.53954079303e-13
11640 1.53433906205e-13
11650 1.52925727095e-13
11660 1.52417547984e-13
11670 1.51988380106e-13
11680 1.51565514154e-13
11690 1.51249631851e-13
11700 1.51782015775e-13
11710 1.523143997e-13
11720 1.52846783624e-13
11730 1.52544765556e-13
11740 1.52187222785e-13
11750 1.51829680013e-13
11760 1.51472137242e-13
11770 1.51123959267e-13
11780 1.50776404708e-13
11790 1.50428863701e-13
11800 1.50081309143e-13
11810 1.49658646478e-13
11820 1.49231077799e-13
11830 1.48803522672e-13
11840 1.48375953993e-13
11850 1.48025878664e-13
11860 1.4768081777e-13
11870 1.47335770429e-13
11880 1.46990709535e-13
11890 1.46671506863e-13
11900 1.46353971151e-13
11910 1.4603643544e-13
11920 1.45718899729e-13
11930 1.45384897697e-13
11940 1.45049852121e-13
11950 1.44714806544e-13
11960 1.44379760968e-13
11970 1.44049431671e-13
11980 1.43719386977e-13
11990 1.43389342283e-13
12000 1.43059311142e-13
12010 1.42771631648e-13
12020 1.42486594897e-13
12030 1.42201544593e-13
12040 1.41916507842e-13
12050 1.41629099399e-13
12060 1.41341568983e-13
12070 1.41054025014e-13
12080 1.40766481045e-13
12090 1.40528430906e-13
12100 1.40293389427e-13
12110 1.40058347949e-13
12120 1.3982330647e-13
12130 1.39675543267e-13
12140 1.39533024891e-13
12150 1.39390506516e-13
12160 1.39248001693e-13
12170 1.39034671363e-13
12180 1.38817153302e-13
12190 1.38599621688e-13
12200 1.38382090075e-13
12210 1.38089003123e-13
12220 1.37791470942e-13
12230 1.37493925208e-13
12240 1.37196393027e-13
12250 1.36872867098e-13
12260 1.36547809735e-13
12270 1.36222765923e-13
12280 1.35897708559e-13
12290 1.35648314955e-13
12300 1.35403285264e-13
12310 1.3515824202e-13
12320 1.34913212329e-13
12330 1.34708379434e-13
12340 1.34505850468e-13
12350 1.3430330795e-13
12360 1.34100778984e-13
12370 1.33848539348e-13
12380 1.33593507892e-13
12390 1.33338476436e-13
12400 1.3308344498e-13
12410 1.32773932365e-13
12420 1.32461397536e-13
12430 1.32148849155e-13
12440 1.31836314326e-13
12450 1.31490589359e-13
12460 1.311430348e-13
12470 1.30795480241e-13
12480 1.30447939234e-13
12490 1.30171535443e-13
12500 1.29898994122e-13
12510 1.29626466353e-13
12520 1.29353925032e-13
12530 1.29062410173e-13
12540 1.28769865322e-13
12550 1.28477320471e-13
12560 1.2818477562e-13
12570 1.27866101496e-13
12580 1.27546045015e-13
12590 1.27225988533e-13
12600 1.26905932052e-13
12610 1.26574017109e-13
12620 1.26241478751e-13
12630 1.25908940392e-13
12640 1.2557638848e-13
12650 1.25196307856e-13
12660 1.24813760672e-13
12670 1.24431213488e-13
12680 1.24048666304e-13
12690 1.23727945749e-13
12700 1.23410382933e-13
12710 1.23092833669e-13
12720 1.22775270853e-13
12730 1.22400611239e-13
12740 1.22023064938e-13
12750 1.21645518636e-13
12760 1.21267972335e-13
12770 1.20949962285e-13
12780 1.20634920239e-13
12790 1.20319878193e-13
12800 1.20004836146e-13
12810 1.19863713681e-13
12820 1.19731197071e-13
12830 1.19598666908e-13
12840 1.19466150297e-13
12850 1.1937655454e-13
12860 1.1928903232e-13
12870 1.19201523652e-13
12880 1.19114014984e-13
12890 1.19012194847e-13
12900 1.18909683532e-13
12910 1.18807172217e-13
12920 1.18704647349e-13
12930 1.18540079011e-13
12940 1.18372542671e-13
12950 1.18205019882e-13
12960 1.18037483542e-13
12970 1.17955951538e-13
12980 1.17878444636e-13
12990 1.17800937733e-13
13000 1.1772343083e-13
13010 1.17626801311e-13
13020 1.17529290878e-13
13030 1.17431766893e-13
13040 1.1733425646e-13
13050 1.17208055327e-13
13060 1.17080526047e-13
13070 1.16953010319e-13
13080 1.16825481038e-13
13090 1.16664463463e-13
13100 1.16501941557e-13
13110 1.16339433204e-13
13120 1.16176911299e-13
13130 1.15909045599e-13
13140 1.15636504278e-13
13150 1.15363962957e-13
13160 1.15091421636e-13
13170 1.1488116773e-13
13180 1.14673637881e-13
13190 1.14466108033e-13
13200 1.14258564632e-13
13210 1.14065427568e-13
13220 1.13872900367e-13
13230 1.13680379942e-13
13240 1.13487852742e-13
13250 1.13283331554e-13
13260 1.13078302147e-13
13270 1.1287327274e-13
13280 1.12668243333e-13
13290 1.12408014483e-13
13300 1.12145474927e-13
13310 1.11882935371e-13
13320 1.11620395815e-13
13330 1.11341051125e-13
13340 1.11061022033e-13
13350 1.10780986164e-13
13360 1.10500950295e-13
13370 1.10314609823e-13
13380 1.10132084387e-13
13390 1.09949552175e-13
13400 1.0976702674e-13
13410 1.09579690157e-13
13420 1.09392163839e-13
13430 1.0920463752e-13
13440 1.09017104426e-13
13450 1.08783865433e-13
13460 1.08548823955e-13
13470 1.08313782477e-13
13480 1.08078740998e-13
13490 1.07846118646e-13
13500 1.07613591161e-13
13510 1.07381063676e-13
13520 1.07148536192e-13
13530 1.06973810235e-13
13540 1.06801286565e-13
13550 1.0662876967e-13
13560 1.06456245999e-13
13570 1.06295770525e-13
13580 1.06135755837e-13
13590 1.05975734373e-13
13600 1.05815712908e-13
13610 1.0567497669e-13
13620 1.05534958756e-13
13630 1.05394934045e-13
13640 1.05254916111e-13
13650 1.051197161e-13
13660 1.04984699048e-13
13670 1.0484967522e-13
13680 1.04714658168e-13
13690 1.04577221991e-13
13700 1.04439697721e-13
13710 1.04302173452e-13
13720 1.04164649183e-13
13730 1.04044038467e-13
13740 1.03924024063e-13
13750 1.03804009659e-13
13760 1.03683995255e-13
13770 1.0351080751e-13
13780 1.03335783398e-13
13790 1.03160759286e-13
13800 1.0298574195e-13
13810 1.02786533354e-13
13820 1.02586498053e-13
13830 1.02386469528e-13
13840 1.02186441004e-13
13850 1.01991257508e-13
13860 1.01796229866e-13
13870 1.01601209e-13
13880 1.01406181358e-13
13890 1.01189361252e-13
13900 1.00971829639e-13
13910 1.00754298025e-13
13920 1.00536766412e-13
13930 1.00325286002e-13
13940 1.00113995327e-13
13950 9.9902711429e-14
13960 9.96914207544e-14
13970 9.9487902454e-14
13980 9.92846280992e-14
13990 9.90813537444e-14
14000 9.88780793896e-14
14010 9.86624315775e-14
14020 9.84464042946e-14
14030 9.82303770118e-14
14040 9.80143497289e-14
14050 9.78538945836e-14
14060 9.76951199517e-14
14070 9.75363453198e-14
14080 9.73775706879e-14
14090 9.72433261302e-14
14100 9.71098134089e-14
14110 9.69762939114e-14
14120 9.68427811901e-14
14130 9.66694104865e-14
14140 9.6494887818e-14
14150 9.63203583733e-14
14160 9.61458357048e-14
14170 9.59627952731e-14
14180 9.57795108958e-14
14190 9.55962332948e-14
14200 9.54129489176e-14
14210 9.52990128218e-14
14220 9.51869944085e-14
14230 9.50749827716e-14
14240 9.49629711347e-14
14250 9.48268563282e-14
14260 9.46900910004e-14
14270 9.45533256726e-14
14280 9.44165535685e-14
14290 9.42408179489e-14
14300 9.40640455609e-14
14310 9.38872663967e-14
14320 9.37104872325e-14
14330 9.35678333316e-14
14340 9.34260671213e-14
14350 9.3284300911e-14
14360 9.31425279244e-14
14370 9.30039262292e-14
14380 9.28654058491e-14
14390 9.27268854691e-14
14400 9.2588365089e-14
14410 9.24391043312e-14
14420 9.22895792991e-14
14430 9.21400542669e-14
14440 9.19905292348e-14
14450 9.18273364791e-14
14460 9.16638184627e-14
14470 9.15003004463e-14
14480 9.13367756536e-14
14490 9.12326109299e-14
14500 9.11298488927e-14
14510 9.10270868556e-14
14520 9.09243248184e-14
14530 9.08147119788e-14
14540 9.07049432851e-14
14550 9.05951745914e-14
14560 9.04854058977e-14
14570 9.03201260527e-14
14580 9.01536061516e-14
14590 8.99870862504e-14
14600 8.98205663492e-14
14610 8.96652950456e-14
14620 8.95102676875e-14
14630 8.93552471056e-14
14640 8.92002265237e-14
14650 8.90858431945e-14
14660 8.89723272271e-14
14670 8.88588112596e-14
14680 8.87452952921e-14
14690 8.8622224793e-14
14700 8.84989577823e-14
14710 8.83756907715e-14
14720 8.82524305371e-14
14730 8.80526866156e-14
14740 8.78514044822e-14
14750 8.76501223489e-14
14760 8.74488469919e-14
14770 8.72522269279e-14
14780 8.70556949553e-14
14790 8.68591629828e-14
14800 8.66626377865e-14
14810 8.65318830045e-14
14820 8.64023615025e-14
14830 8.62728467767e-14
14840 8.61433320509e-14
14850 8.60528553796e-14
14860 8.5963090216e-14
14870 8.58733250524e-14
14880 8.57835598888e-14
14890 8.5660137024e-14
14900 8.5536117848e-14
14910 8.54121054482e-14
14920 8.52880862722e-14
14930 8.51126894658e-14
14940 8.49364185213e-14
14950 8.47601475768e-14
14960 8.45838698561e-14
14970 8.44314581357e-14
14980 8.42794326624e-14
14990 8.4127407189e-14
15000 8.39753884919e-14
15010 8.3848956966e-14
15020 8.37229387923e-14
15030 8.35969206185e-14
15040 8.34709024448e-14
15050 8.33796058456e-14
15060 8.32888445712e-14
15070 8.31980832968e-14
15080 8.31073220225e-14
15090 8.29855186847e-14
15100 8.28632477847e-14
15110 8.27409768847e-14
15120 8.26187127609e-14
15130 8.24791827176e-14
15140 8.2339415505e-14
15150 8.21996415162e-14
15160 8.20598743036e-14
15170 8.19169019184e-14
15180 8.17738820993e-14
15190 8.16308622802e-14
15200 8.14878424612e-14
15210 8.13645686742e-14
15220 8.12415523852e-14
15230 8.11185293199e-14
15240 8.09955130309e-14
15250 8.08828644252e-14
15260 8.07703513447e-14
15270 8.0657831488e-14
15280 8.05453184076e-14
15290 8.04164880844e-14
15300 8.02874612496e-14
15310 8.01584411911e-14
15320 8.00294211326e-14
15330 7.99505996346e-14
15340 7.98723405666e-14
15350 7.97940814985e-14
15360 7.97158224305e-14
15370 7.96204939544e-14
15380 7.9524975743e-14
15390 7.94294643079e-14
15400 7.93339528728e-14
15410 7.92277959276e-14
15420 7.91215305621e-14
15430 7.90152651967e-14
15440 7.89089998313e-14
15450 7.87512213101e-14
15460 7.85929481217e-14
15470 7.84346817096e-14
15480 7.82764085212e-14
15490 7.81121857734e-14
15500 7.79479155917e-14
15510 7.77836386338e-14
15520 7.76193616759e-14
15530 7.74997199662e-14
15540 7.73804509509e-14
15550 7.72611751594e-14
15560 7.71419061442e-14
15570 7.70112259011e-14
15580 7.68804643428e-14
15590 7.67496960083e-14
15600 7.66189276738e-14
15610 7.64409965447e-14
15620 7.62627198263e-14
15630 7.6084449884e-14
15640 7.59061799418e-14
15650 7.57015706631e-14
15660 7.54967919778e-14
15670 7.52920065162e-14
15680 7.50872278308e-14
15690 7.49289275374e-14
15700 7.4770911847e-14
15710 7.46128893804e-14
15720 7.44548669137e-14
15730 7.43254402794e-14
15740 7.41961694991e-14
15750 7.40669054951e-14
15760 7.39376347148e-14
15770 7.38501599283e-14
15780 7.37628952059e-14
15790 7.36756304836e-14
15800 7.35883657612e-14
15810 7.3480690933e-14
15820 7.33729280133e-14
15830 7.32651650936e-14
15840 7.31573953977e-14
15850 7.30675692477e-14
15860 7.29778108603e-14
15870 7.28880456967e-14
15880 7.27982873094e-14
15890 7.2696060597e-14
15900 7.25937932271e-14
15910 7.24915326334e-14
15920 7.23892652635e-14
15930 7.22608211874e-14
15940 7.21323025724e-14
15950 7.20037839574e-14
15960 7.18752721186e-14
15970 7.17392657323e-14
15980 7.16032457935e-14
15990 7.14672258547e-14
16000 7.13312059159e-14
16010 7.11896904274e-14
16020 7.10481613863e-14
16030 7.09066391214e-14
16040 7.07651100803e-14
16050 7.06218463158e-14
16060 7.04785757749e-14
16070 7.03353120104e-14
16080 7.01920414696e-14
16090 7.00805177236e-14
16100 6.99690075301e-14
16110 6.98574905604e-14
16120 6.97459871433e-14
16130 6.96812263922e-14
16140 6.96164656412e-14
16150 6.95517048902e-14
16160 6.94868899291e-14
16170 6.93658726379e-14
16180 6.92448621229e-14
16190 6.91238448316e-14
16200 6.90028410929e-14
16210 6.88875700732e-14
16220 6.87723058297e-14
16230 6.865703481e-14
16240 6.85417095802e-14
16250 6.83954371546e-14
16260 6.8249164729e-14
16270 6.81028923034e-14
16280 6.79565182338e-14
16290 6.77707469678e-14
16300 6.75849689256e-14
16310 6.73991976596e-14
16320 6.72134399461e-14
16330 6.70319106211e-14
16340 6.68503812962e-14
16350 6.66688587474e-14
16360 6.64874310664e-14
16370 6.63341587605e-14
16380 6.61808864546e-14
16390 6.60276141488e-14
16400 6.58745586833e-14
16410 6.57725488114e-14
16420 6.56705389395e-14
16430 6.55685222914e-14
16440 6.54666886023e-14
16450 6.54024292948e-14
16460 6.53381699873e-14
16470 6.52739106798e-14
16480 6.52096242672e-14
16490 6.51403640772e-14
16500 6.50711038871e-14
16510 6.50018436971e-14
16520 6.49324479818e-14
16530 6.48406905967e-14
16540 6.47489264353e-14
16550 6.4657162274e-14
16560 6.45651744959e-14
16570 6.44386616549e-14
16580 6.43121420376e-14
16590 6.41856224204e-14
16600 6.40587639899e-14
16610 6.38844852669e-14
16620 6.37102133202e-14
16630 6.35359345973e-14
16640 6.33616084405e-14
16650 6.31810887788e-14
16660 6.30005623408e-14
16670 6.28200426791e-14
16680 6.26395433461e-14
16690 6.24617680712e-14
16700 6.22839860199e-14
16710 6.2106210745e-14
16720 6.19283812599e-14
16730 6.17441007719e-14
16740 6.15598202839e-14
16750 6.13755465721e-14
16760 6.11913338468e-14
16770 6.10138092935e-14
16780 6.08362847403e-14
16790 6.06587669634e-14
16800 6.0482062338e-14
16810 6.03875470137e-14
16820 6.02930384655e-14
16830 6.01985231411e-14
16840 6.01045431416e-14
16850 6.00607820314e-14
16860 6.00170276975e-14
16870 5.99732733635e-14
16880 5.99296003448e-14
16890 5.98938487782e-14
16900 5.98580904352e-14
16910 5.98223388686e-14
16920 5.97863094752e-14
16930 5.97273017719e-14
16940 5.96682940687e-14
16950 5.96092863655e-14
16960 5.95500008354e-14
16970 5.94682384391e-14
16980 5.93864760427e-14
16990 5.93047136464e-14
17000 5.92226463182e-14
17010 5.91168823963e-14
17020 5.90111116981e-14
17030 5.89053477762e-14
17040 5.87990688582e-14
17050 5.86550529284e-14
17060 5.85110369986e-14
17070 5.83670142925e-14
17080 5.82230119152e-14
17090 5.80799920961e-14
17100 5.7936972277e-14
17110 5.77939456817e-14
17120 5.76510071778e-14
17130 5.75134829085e-14
17140 5.73759586391e-14
17150 5.72384343698e-14
17160 5.71009643106e-14
17170 5.69669433696e-14
17180 5.68329292048e-14
17190 5.66989116519e-14
17200 5.65641622625e-14
17210 5.63833884909e-14
17220 5.62026181074e-14
17230 5.60218443358e-14
17240 5.58405284631e-14
17250 5.56262460681e-14
17260 5.54119636731e-14
17270 5.51976812781e-14
17280 5.4983497139e-14
17290 5.47749711799e-14
17300 5.45664452208e-14
17310 5.43579192617e-14
17320 5.41502606644e-14
17330 5.3991987476e-14
17340 5.38337142876e-14
17350 5.36754410992e-14
17360 5.35189331274e-14
17370 5.34594239807e-14
17380 5.3399914834e-14
17390 5.33404022991e-14
17400 5.32821908068e-14
17410 5.32924432936e-14
17420 5.33026923923e-14
17430 5.33129448791e-14
17440 5.33226891461e-14
17450 5.33064362779e-14
17460 5.32901867978e-14
17470 5.32739339297e-14
17480 5.32567832065e-14
17490 5.31947770067e-14
17500 5.31327674187e-14
17510 5.30707578307e-14
17520 5.30084907446e-14
17530 5.29337316167e-14
17540 5.28589724888e-14
17550 5.27842133609e-14
17560 5.27091255842e-14
17570 5.26186116434e-14
17580 5.25280977027e-14
17590 5.24375871501e-14
17600 5.2346602259e-14
17610 5.22340824023e-14
17620 5.21215625456e-14
17630 5.20090426889e-14
17640 5.18962822748e-14
17650 5.17727679304e-14
17660 5.16492501979e-14
17670 5.15257358536e-14
17680 5.14029397931e-14
17690 5.13114263535e-14
17700 5.12199129139e-14
17710 5.11283994743e-14
17720 5.10367776144e-14
17730 5.0940514014e-14
17740 5.08442538018e-14
17750 5.07479902014e-14
17760 5.06515876876e-14
17770 5.05493237058e-14
17780 5.0447059724e-14
17790 5.03447991304e-14
17800 5.02423792945e-14
17810 5.01336100997e-14
17820 5.00248409049e-14
17830 4.991607171e-14
17840 4.98077294198e-14
17850 4.97162159802e-14
17860 4.96247025406e-14
17870 4.9533189101e-14
17880 4.94417332596e-14
17890 4.93524729276e-14
17900 4.92632092075e-14
17910 4.91739488755e-14
17920 4.90840143053e-14
17930 4.89687466737e-14
17940 4.88534790421e-14
17950 4.87382114105e-14
17960 4.86228658519e-14
17970 4.85045997237e-14
17980 4.83863302073e-14
17990 4.82680640791e-14
18000 4.81491508177e-14
18010 4.80071338856e-14
18020 4.78651169535e-14
18030 4.77230966333e-14
18040 4.75810458199e-14
18050 4.74377752791e-14
18060 4.72945013502e-14
18070 4.71512308093e-14
18080 4.7006970934e-14
18090 4.68286942155e-14
18100 4.66504174971e-14
18110 4.64721407786e-14
18120 4.62945789559e-14
18130 4.61410593164e-14
18140 4.59875396769e-14
18150 4.58340200374e-14
18160 4.56821707469e-14
18170 4.55856564248e-14
18180 4.54891421026e-14
18190 4.53926277805e-14
18200 4.5298288639e-14
18210 4.52745378351e-14
18220 4.52507836432e-14
18230 4.52270294512e-14
18240 4.52033836794e-14
18250 4.51831294276e-14
18260 4.51628785639e-14
18270 4.5142624312e-14
18280 4.51217669728e-14
18290 4.50820106343e-14
18300 4.50422542959e-14
18310 4.50025013457e-14
18320 4.49621758011e-14
18330 4.49044149304e-14
18340 4.48466574478e-14
18350 4.47888999651e-14
18360 4.47298990382e-14
18370 4.46336388259e-14
18380 4.45373752255e-14
18390 4.44411150133e-14
18400 4.43455324274e-14
18410 4.42700211342e-14
18420 4.41945064529e-14
18430 4.41189951597e-14
18440 4.4042853674e-14
18450 4.39483383496e-14
18460 4.38538230252e-14
18470 4.3759311089e-14
18480 4.36657037839e-14
18490 4.35979411481e-14
18500 4.35301819005e-14
18510 4.34624226528e-14
18520 4.33929185173e-14
18530 4.32746557772e-14
18540 4.3156389649e-14
18550 4.30381269089e-14
18560 4.2920202982e-14
18570 4.28116845089e-14
18580 4.2703169424e-14
18590 4.2594654339e-14
18600 4.24836964111e-14
18610 4.23066699132e-14
18620 4.21296434154e-14
18630 4.19526169175e-14
18640 4.17756988399e-14
18650 4.1601677615e-14
18660 4.142765639e-14
18670 4.12536351651e-14
18680 4.10779334267e-14
18690 4.08581520939e-14
18700 4.06383673728e-14
18710 4.04185860399e-14
18720 4.02048084766e-14
18730 4.0146048107e-14
18740 4.00872911255e-14
18750 4.00285307559e-14
18760 3.99754319545e-14
18770 4.00659425071e-14
18780 4.01564530597e-14
18790 4.02469636123e-14
18800 4.03334422881e-14
18810 4.0318941084e-14
18820 4.030443988e-14
18830 4.02899352878e-14
18840 4.02769553549e-14
18850 4.0301458324e-14
18860 4.03259646812e-14
18870 4.03504676503e-14
18880 4.03705660481e-14
18890 4.02838806963e-14
18900 4.01971919563e-14
18910 0
18920 0
18930 0
18940 0
18950 0
18960 0
18970 0
18980 0
18990 0
19000 0
19010 0
19020 0
19030 0
19040 0
19050 0
19060 0
19070 0
19080 0
19090 0
19100 0
19110 0
19120 0
19130 0
19140 0
19150 0
19160 0
19170 0
19180 0
19190 0
19200 0
19210 0
19220 0
19230 0
19240 0
19250 0
19260 0
19270 0
19280 0
19290 0
19300 0
