2100 0
2110 0
2120 0
2130 0
2140 0
2150 0
2160 0
2170 0
2180 0
2190 0
2200 0
2210 0
2220 0
2230 0
2240 0
2250 0
2260 0
2270 0
2280 0
2290 0
2300 0
2310 0
2320 0
2330 0
2340 0
2350 0
2360 0
2370 0
2380 0
2390 0
2400 0
2410 0
2420 0
2430 0
2440 0
2450 0
2460 0
2470 0
2480 0
2490 0
2500 0
2510 0
2520 0
2530 0
2540 0
2550 0
2560 0
2570 0
2580 0
2590 0
2600 0
2610 0
2620 0
2630 0
2640 0
2650 0
2660 0
2670 0
2680 0
2690 0
2700 0
2710 0
2720 0
2730 0
2740 0
2750 0
2760 0
2770 0
2780 0
2790 0
2800 0
2810 0
2820 0
2830 0
2840 0
2850 0
2860 0
2870 0
2880 0
2890 0
2900 0
2910 0
2920 0
2930 0
2940 0
2950 0
2960 0
2970 0
2980 0
2990 0
3000 0
3010 0
3020 0
3030 0
3040 0
3050 0
3060 0
3070 0
3080 0
3090 0
3100 0
3110 0
3120 0
3130 0
3140 0
3150 0
3160 0
3170 0
3180 0
3190 0
3200 0
3210 0
3220 0
3230 0
3240 0
3250 0
3260 0
3270 0
3280 0
3290 0
3300 0
3310 0
3320 0
3330 0
3340 0
3350 0
3360 0
3370 0
3380 0
3390 0
3400 0
3410 0
3420 0
3430 0
3440 0
3450 0
3460 0
3470 0
3480 0
3490 0
3500 0
3510 0
3520 0
3530 0
3540 0
3550 0
3560 0
3570 0
3580 0
3590 0
3600 0
3610 0
3620 0
3630 0
3640 0
3650 0
3660 0
3670 0
3680 0
3690 0
3700 0
3710 0
3720 0
3730 0
3740 0
3750 0
3760 0
3770 0
3780 0
3790 0
3800 0
3810 0
3820 0
3830 0
3840 0
3850 0
3860 0
3870 0
3880 0
3890 0
3900 0
3910 0
3920 0
3930 0
3940 0
3950 0
3960 0
3970 0
3980 0
3990 0
4000 0
4010 0
4020 0
4030 0
4040 0
4050 0
4060 0
4070 0
4080 0
4090 0
4100 0
4110 0
4120 0
4130 0
4140 0
4150 0
4160 0
4170 0
4180 0
4190 0
4200 0
4210 0
4220 0
4230 0
4240 0
4250 0
4260 0
4270 0
4280 0
4290 0
4300 0
4310 0
4320 0
4330 0
4340 0
4350 0
4360 0
4370 0
4380 0
4390 0
4400 0
4410 0
4420 0
4430 0
4440 0
4450 0
4460 0
4470 0
4480 0
4490 0
4500 0
4510 0
4520 0
4530 0
4540 0
4550 0
4560 0
4570 0
4580 0
4590 0
4600 0
4610 0
4620 0
4630 0
4640 0
4650 0
4660 0
4670 0
4680 0
4690 0
4700 0
4710 0
4720 0
4730 0
4740 0
4750 0
4760 0
4770 0
4780 0
4790 0
4800 0
4810 0
4820 0
4830 0
4840 0
4850 0
4860 0
4870 0
4880 0
4890 0
4900 0
4910 0
4920 0
4930 0
4940 0
4950 0
4960 0
4970 0
4980 0
4990 0
5000 0
5010 0
5020 0
5030 0
5040 0
5050 0
5060 0
5070 0
5080 0
5090 0
5100 0
5110 0
5120 0
5130 0
5140 0
5150 0
5160 0
5170 0
5180 0
5190 0
5200 0
5210 0
5220 0
5230 0
5240 0
5250 0
5260 0
5270 0
5280 0
5290 0
5300 0
5310 0
5320 0
5330 0
5340 0
5350 0
5360 0
5370 0
5380 0
5390 0
5400 0
5410 0
5420 0
5430 0
5440 0
5450 0
5460 0
5470 0
5480 0
5490 0
5500 0
5510 0
5520 0
5530 0
5540 0
5550 0
5560 0
5570 0
5580 0
5590 0
5600 0
5610 0
5620 0
5630 0
5640 0
5650 0
5660 0
5670 0
5680 0
5690 0
5700 0
5710 0
5720 0
5730 0
5740 0
5750 0
5760 0
5770 0
5780 0
5790 0
5800 0
5810 0
5820 0
5830 0
5840 0
5850 0
5860 0
5870 0
5880 0
5890 0
5900 0
5910 0
5920 0
5930 0
5940 0
5950 0
5960 0
5970 0
5980 0
5990 0
6000 0
6010 0
6020 0
6030 0
6040 0
6050 0
6060 0
6070 0
6080 0
6090 0
6100 0
6110 0
6120 0
6130 0
6140 0
6150 0
6160 0
6170 0
6180 0
6190 0
6200 0
6210 0
6220 0
6230 0
6240 0
6250 0
6260 0
6270 0
6280 0
6290 0
6300 0
6310 0
6320 0
6330 0
6340 0
6350 0
6360 0
6370 0
6380 0
6390 0
6400 0
6410 0
6420 0
6430 0
6440 0
6450 0
6460 0
6470 0
6480 0
6490 0
6500 0
6510 0
6520 0
6530 0
6540 0
6550 0
6560 0
6570 0
6580 0
6590 0
6600 0
6610 0
6620 0
6630 0
6640 0
6650 0
6660 0
6670 0
6680 0
6690 0
6700 0
6710 0
6720 0
6730 0
6740 0
6750 0
6760 0
6770 0
6780 0
6790 0
6800 0
6810 0
6820 0
6830 0
6840 0
6850 0
6860 0
6870 0
6880 0
6890 0
6900 0
6910 0
6920 0
6930 0
6940 0
6950 0
6960 0
6970 0
6980 0
6990 0
7000 0
7010 0
7020 0
7030 0
7040 0
7050 0
7060 0
7070 0
7080 0
7090 0
7100 0
7110 0
7120 0
7130 0
7140 0
7150 0
7160 0
7170 0
7180 0
7190 0
7200 0
7210 0
7220 0
7230 0
7240 0
7250 0
7260 0
7270 0
7280 0
7290 0
7300 0
7310 0
7320 0
7330 0
7340 0
7350 0
7360 0
7370 0
7380 0
7390 0
7400 0
7410 0
7420 0
7430 0
7440 0
7450 0
7460 0
7470 0
7480 0
7490 0
7500 0
7510 0
7520 0
7530 0
7540 0
7550 0
7560 0
7570 0
7580 0
7590 0
7600 0
7610 0
7620 0
7630 0
7640 0
7650 0
7660 0
7670 0
7680 0
7690 0
7700 0
7710 0
7720 0
7730 0
7740 0
7750 0
7760 0
7770 0
7780 0
7790 0
7800 0
7810 0
7820 0
7830 0
7840 0
7850 0
7860 0
7870 0
7880 0
7890 0
7900 0
7910 0
7920 0
7930 0
7940 0
7950 0
7960 0
7970 0
7980 0
7990 0
8000 0
8010 0
8020 0
8030 0
8040 0
8050 0
8060 0
8070 0
8080 0
8090 0
8100 0
8110 0
8120 0
8130 0
8140 0
8150 0
8160 0
8170 0
8180 0
8190 0
8200 0
8210 0
8220 0
8230 0
8240 0
8250 0
8260 0
8270 0
8280 0
8290 0
8300 0
8310 0
8320 0
8330 0
8340 0
8350 0
8360 0
8370 0
8380 0
8390 0
8400 0
8410 0
8420 0
8430 0
8440 0
8450 0
8460 0
8470 0
8480 0
8490 0
8500 0
8510 0
8520 0
8530 0
8540 0
8550 0
8560 0
8570 0
8580 0
8590 0
8600 0
8610 0
8620 0
8630 0
8640 0
8650 0
8660 0
8670 0
8680 0
8690 0
8700 0
8710 0
8720 0
8730 0
8740 0
8750 0
8760 0
8770 0
8780 0
8790 0
8800 0
8810 0
8820 0
8830 0
8840 0
8850 0
8860 0
8870 0
8880 0
8890 0
8900 0
8910 0
8920 0
8930 0
8940 0
8950 0
8960 0
8970 0
8980 0
8990 0
9000 0
9010 0
9020 0
9030 0
9040 0
9050 0
9060 0
9070 0
9080 0
9090 0
9100 0
9110 0
9120 0
9130 0
9140 0
9150 0
9160 0
9170 0
9180 0
9190 0
9200 0
9210 0
9220 0
9230 0
9240 0
9250 0
9260 0
9270 0
9280 0
9290 0
9300 0
9310 0
9320 0
9330 0
9340 0
9350 0
9360 0
9370 0
9380 0
9390 0
9400 0
9410 0
9420 0
9430 0
9440 0
9450 0
9460 0
9470 0
9480 0
9490 0
9500 0
9510 0
9520 0
9530 0
9540 0
9550 0
9560 0
9570 0
9580 0
9590 0
9600 0
9610 0
9620 0
9630 0
9640 0
9650 0
9660 0
9670 0
9680 0
9690 0
9700 0
9710 0
9720 0
9730 0
9740 0
9750 0
9760 0
9770 0
9780 0
9790 0
9800 0
9810 0
9820 0
9830 0
9840 0
9850 0
9860 0
9870 0
9880 0
9890 0
9900 0
9910 0
9920 0
9930 0
9940 0
9950 0
9960 0
9970 0
9980 0
9990 0
10000 0
10010 0
10020 0
10030 0
10040 0
10050 0
10060 0
10070 0
10080 0
10090 0
10100 0
10110 0
10120 0
10130 0
10140 0
10150 0
10160 0
10170 0
10180 0
10190 0
10200 0
10210 0
10220 0
10230 0
10240 0
10250 0
10260 0
10270 0
10280 0
10290 0
10300 0
10310 0
10320 0
10330 0
10340 0
10350 0
10360 0
10370 0
10380 0
10390 0
10400 0
10410 0
10420 0
10430 0
10440 0
10450 0
10460 0
10470 0
10480 0
10490 0
10500 0
10510 0
10520 0
10530 0
10540 0
10550 0
10560 0
10570 0
10580 0
10590 0
10600 0
10610 0
10620 0
10630 0
10640 0
10650 0
10660 0
10670 0
10680 0
10690 0
10700 0
10710 0
10720 0
10730 0
10740 0
10750 0
10760 0
10770 0
10780 0
10790 0
10800 0
10810 0
10820 0
10830 0
10840 0
10850 0
10860 0
10870 0
10880 0
10890 0
10900 0
10910 0
10920 0
10930 0
10940 0
10950 0
10960 0
10970 0
10980 0
10990 0
11000 0
11010 0
11020 0
11030 0
11040 0
11050 0
11060 0
11070 0
11080 0
11090 0
11100 0
11110 0
11120 0
11130 0
11140 0
11150 0
11160 0
11170 0
11180 0
11190 0
11200 0
11210 0
11220 0
11230 0
11240 0
11250 0
11260 0
11270 0
11280 0
11290 0
11300 0
11310 0
11320 0
11330 0
11340 0
11350 0
11360 0
11370 0
11380 0
11390 0
11400 0
11410 0
11420 0
11430 0
11440 0
11450 0
11460 0
11470 0
11480 0
11490 0
11500 0
11510 0
11520 0
11530 0
11540 0
11550 0
11560 0
11570 0
11580 0
11590 0
11600 0
11610 0
11620 0
11630 0
11640 0
11650 0
11660 0
11670 0
11680 0
11690 0
11700 0
11710 0
11720 0
11730 0
11740 0
11750 0
11760 0
11770 0
11780 0
11790 0
11800 0
11810 0
11820 0
11830 0
11840 0
11850 0
11860 0
11870 0
11880 0
11890 0
11900 0
11910 0
11920 0
11930 0
11940 0
11950 0
11960 0
11970 0
11980 0
11990 0
12000 0
12010 0
12020 0
12030 0
12040 0
12050 0
12060 0
12070 0
12080 0
12090 0
12100 0
12110 0
12120 0
12130 0
12140 0
12150 0
12160 0
12170 0
12180 0
12190 0
12200 0
12210 0
12220 0
12230 0
12240 0
12250 0
12260 0
12270 0
12280 0
12290 0
12300 0
12310 0
12320 0
12330 0
12340 0
12350 0
12360 0
12370 0
12380 0
12390 0
12400 0
12410 0
12420 0
12430 0
12440 0
12450 0
12460 0
12470 0
12480 0
12490 0
12500 0
12510 0
12520 0
12530 0
12540 0
12550 0
12560 0
12570 0
12580 0
12590 0
12600 0
12610 0
12620 0
12630 0
12640 0
12650 0
12660 0
12670 0
12680 0
12690 0
12700 0
12710 0
12720 0
12730 0
12740 0
12750 0
12760 0
12770 0
12780 0
12790 0
12800 0
12810 0
12820 0
12830 0
12840 0
12850 0
12860 0
12870 0
12880 0
12890 0
12900 0
12910 0
12920 0
12930 0
12940 0
12950 0
12960 0
12970 0
12980 0
12990 0
13000 0
13010 0
13020 0
13030 0
13040 0
13050 0
13060 0
13070 0
13080 0
13090 0
13100 0
13110 0
13120 0
13130 0
13140 0
13150 0
13160 0
13170 0
13180 0
13190 0
13200 0
13210 0
13220 0
13230 0
13240 0
13250 0
13260 0
13270 0
13280 0
13290 0
13300 0
13310 0
13320 0
13330 0
13340 0
13350 0
13360 0
13370 0
13380 0
13390 0
13400 0
13410 0
13420 0
13430 0
13440 0
13450 0
13460 0
13470 0
13480 0
13490 0
13500 0
13510 0
13520 0
13530 0
13540 0
13550 0
13560 0
13570 0
13580 0
13590 0
13600 0
13610 0
13620 0
13630 0
13640 0
13650 0
13660 0
13670 0
13680 0
13690 0
13700 0
13710 0
13720 0
13730 0
13740 0
13750 0
13760 0
13770 0
13780 0
13790 0
13800 0
13810 0
13820 0
13830 0
13840 0
13850 0
13860 0
13870 0
13880 0
13890 0
13900 0
13910 0
13920 0
13930 0
13940 0
13950 0
13960 0
13970 0
13980 0
13990 0
14000 9.69999964582e-05
14010 7.49999981053e-06
14020 9.300000238e-05
14030 0.000515500025358
14040 0.000311000010697
14050 2.5999999707e-05
14060 0.000216000000364
14070 0.000265999988187
14080 0.00021199999901
14090 0.00036549998913
14100 7.69999969634e-05
14110 0.00049200002104
14120 0.000709999992978
14130 0.00103399995714
14140 0.000867999973707
14150 0.000199000001885
14160 0.00095199997304
14170 0.00167200004216
14180 0.00102199998219
14190 0.000856500002556
14200 0.000334999989718
14210 0.000920000020415
14220 0.0013269999763
14230 0.00129599997308
14240 0.00059200002579
14250 0.00138300005347
14260 0.000907999987248
14270 0.00208449992351
14280 0.00112899998203
14290 0.00119149999227
14300 0.00253099994734
14310 0.00316750002094
14320 0.00101300003007
14330 0.00115350005217
14340 0.00248100003228
14350 0.00164799997583
14360 0.00267000007443
14370 0.0023715000134
14380 0.000981000019237
14390 0.00306400004774
14400 0.00210199994035
14410 0.00327800004743
14420 0.00276700011455
14430 0.00337749999017
14440 0.00534899998456
14450 0.00496050016955
14460 0.00179300003219
14470 0.00515050021932
14480 0.00722499983385
14490 0.00818299967796
14500 0.00781700015068
14510 0.00256450008601
14520 0.00899699982256
14530 0.00993300043046
14540 0.0146460002288
14550 0.0140225002542
14560 0.0122180003673
14570 0.0201779995114
14580 0.0195499993861
14590 0.0268664993346
14600 0.0280579999089
14610 0.0249600000679
14620 0.0319540016353
14630 0.0382249988616
14640 0.0381189994514
14650 0.0556729994714
14660 0.0471850000322
14670 0.0446005016565
14680 0.0655329972506
14690 0.0966089963913
14700 0.0634590014815
14710 0.0626429989934
14720 0.11592900008
14730 0.111614502966
14740 0.154212996364
14750 0.258312493563
14760 0.221057996154
14770 0.256825000048
14780 0.251563996077
14790 0.370723009109
14800 0.333651006222
14810 0.31794500351
14820 0.387569010258
14830 0.534495472908
14840 0.638464987278
14850 0.554145514965
14860 0.639105021954
14870 0.515404999256
14880 0.602147996426
14890 0.70692050457
14900 0.693838000298
14910 0.814733028412
14920 0.632804989815
14930 0.721512019634
14940 0.766731977463
14950 0.717589974403
14960 0.68894302845
14970 0.695543527603
14980 0.738698005676
14990 0.716871976852
15000 0.719528973103
15010 0.761745512486
15020 0.730509996414
15030 0.710018515587
15040 0.644142985344
15050 0.646787524223
15060 0.739198982716
15070 0.762632489204
15080 0.749646008015
15090 0.665972471237
15100 0.770134985447
15110 0.780727505684
15120 0.80058401823
15130 0.787140011787
15140 0.790244996548
15150 0.812661528587
15160 0.841986000538
15170 0.825764000416
15180 0.839281976223
15190 0.865671515465
15200 0.881263971329
15210 0.896687507629
15220 0.903276979923
15230 0.913128972054
15240 0.910970985889
15250 0.910715520382
15260 0.907306015491
15270 0.903978526592
15280 0.910760998726
15290 0.914210021496
15300 0.916607022285
15310 0.918228507042
15320 0.919157981873
15330 0.928158521652
15340 0.928209006786
15350 0.926739513874
15360 0.932124018669
15370 0.939686477184
15380 0.947369992733
15390 0.95249247551
15400 0.954859018326
15410 0.952890515327
15420 0.953321993351
15430 0.95359647274
15440 0.957309007645
15450 0.955679476261
15460 0.958258986473
15470 0.958808004856
15480 0.959625005722
15490 0.960143506527
15500 0.959876000881
15510 0.949091017246
15520 0.937319993973
15530 0.926690995693
15540 0.916925013065
15550 0.906435489655
15560 0.902275025845
15570 0.897843003273
15580 0.894273996353
15590 0.889810979366
15600 0.88587898016
15610 0.882912993431
15620 0.879823982716
15630 0.875506520271
15640 0.873197972775
15650 0.869799494743
15660 0.871240019798
15670 0.872191011906
15680 0.871824026108
15690 0.868920505047
15700 0.86101102829
15710 0.851775527
15720 0.829052984715
15730 0.824086010456
15740 0.84632897377
15750 0.86768001318
15760 0.879719018936
15770 0.860659480095
15780 0.856056988239
15790 0.871989488602
15800 0.867281973362
15810 0.885833501816
15820 0.897415995598
15830 0.918141484261
15840 0.933133006096
15850 0.943414986134
15860 0.947971999645
15870 0.952997982502
15880 0.95825701952
15890 0.963841497898
15900 0.968402981758
15910 0.968198478222
15920 0.967873990536
15930 0.968556523323
15940 0.969794988632
15950 0.96850001812
15960 0.967369019985
15970 0.963249981403
15980 0.959344029427
15990 0.953053474426
16000 0.941793978214
16010 0.907860517502
16020 0.890111029148
16030 0.858845472336
16040 0.874333024025
16050 0.897274494171
16060 0.910359025002
16070 0.896322011948
16080 0.887654006481
16090 0.879250526428
16100 0.891601979733
16110 0.886173009872
16120 0.901996016502
16130 0.905477523804
16140 0.900885999203
16150 0.911966979504
16160 0.913124978542
16170 0.91228801012
16180 0.913441002369
16190 0.912739515305
16200 0.914327025414
16210 0.907926023006
16220 0.90124797821
16230 0.8951395154
16240 0.888251006603
16250 0.882460474968
16260 0.879558026791
16270 0.877544999123
16280 0.875077009201
16290 0.872862994671
16300 0.871824026108
16310 0.871986508369
16320 0.876488983631
16330 0.875877022743
16340 0.879908978939
16350 0.881948471069
16360 0.871792972088
16370 0.879149973392
16380 0.862209975719
16390 0.872731983662
16400 0.866548001766
16410 0.856789529324
16420 0.860216021538
16430 0.844447016716
16440 0.848721027374
16450 0.851086497307
16460 0.827720999718
16470 0.863023519516
16480 0.864968001842
16490 0.858578979969
16500 0.877467989922
16510 0.871538996696
16520 0.878847002983
16530 0.8856959939
16540 0.869399011135
16550 0.88960647583
16560 0.89206802845
16570 0.884105503559
16580 0.902209997177
16590 0.907365977764
16600 0.900563001633
16610 0.917378008366
16620 0.9170140028
16630 0.919596016407
16640 0.927441000938
16650 0.92985200882
16660 0.868939995766
16670 0.89697599411
16680 0.925770998001
16690 0.927052021027
16700 0.928782999516
16710 0.928941488266
16720 0.927797973156
16730 0.931511521339
16740 0.930123984814
16750 0.923080027103
16760 0.930705010891
16770 0.937333524227
16780 0.929112970829
16790 0.949082016945
16800 0.956641972065
16810 0.951705992222
16820 0.959479987621
16830 0.963569998741
16840 0.957004010677
16850 0.960227489471
16860 0.963735997677
16870 0.958480477333
16880 0.95097899437
16890 0.954099476337
16900 0.948234021664
16910 0.931108474731
16920 0.944787025452
16930 0.953728497028
16940 0.953279972076
16950 0.951982021332
16960 0.959321022034
16970 0.943175017834
16980 0.944585025311
16990 0.96178650856
17000 0.951524972916
17010 0.948596477509
17020 0.956578016281
17030 0.954926490784
17040 0.950774013996
17050 0.955812990665
17060 0.949051976204
17070 0.941474020481
17080 0.938866019249
17090 0.906125485897
17100 0.948270976543
17110 0.952602505684
17120 0.967754006386
17130 0.97310000658
17140 0.97057902813
17150 0.942497491837
17160 0.974462985992
17170 0.966418504715
17180 0.978883981705
17190 0.974466979504
17200 0.969238996506
17210 0.955604016781
17220 0.908111989498
17230 0.97839897871
17240 0.934122025967
17250 0.936320483685
17260 0.981074988842
17270 0.969555974007
17280 0.972289025784
17290 0.933164477348
17300 0.958297014236
17310 0.954235970974
17320 0.906881988049
17330 0.857034981251
17340 0.939291000366
17350 0.931127488613
17360 0.883651018143
17370 0.866587996483
17380 0.937665998936
17390 0.944702506065
17400 0.902141988277
17410 0.9207264781
17420 0.855198979378
17430 0.966832518578
17440 0.973155975342
17450 0.911405980587
17460 0.981860995293
17470 0.816192507744
17480 0.868974983692
17490 0.982179999352
17500 0.98196798563
17510 0.969744026661
17520 0.851990997791
17530 0.963328480721
17540 0.973469018936
17550 0.917055010796
17560 0.873840987682
17570 0.827304005623
17580 0.773364007473
17590 0.874033987522
17600 0.853182971478
17610 0.766523480415
17620 0.740314006805
17630 0.639684021473
17640 0.652595996857
17650 0.627500474453
17660 0.39237600565
17670 0.466910004616
17680 0.462857991457
17690 0.403463989496
17700 0.327926009893
17710 0.282003998756
17720 0.284622997046
17730 0.245758503675
17740 0.193911001086
17750 0.15323600173
17760 0.142142996192
17770 0.116999998689
17780 0.115909002721
17790 0.0716374963522
17800 0.0748149976134
17810 0.0657014995813
17820 0.0468229986727
17830 0.0538170002401
17840 0.0428630001843
17850 0.0226795002818
17860 0.0259799994528
17870 0.0254194997251
17880 0.0235459990799
17890 0.0226249992847
17900 0.0210120007396
17910 0.0137229999527
17920 0.0130369998515
17930 0.0102784996852
17940 0.00656400015578
17950 0.00781700015068
17960 0.00752800004557
17970 0.00677399989218
17980 0.00797700043768
17990 0.00872199982405
18000 0.00624200003222
18010 0.00264149997383
18020 0.00275900005363
18030 0.00317699997686
18040 0.00355500006117
18050 0.00477200001478
18060 0.00250499998219
18070 0.00104600004852
18080 0.00124000001233
18090 0.00130849995185
18100 0.000613000011072
18110 0.000327499990817
18120 0.000622000021394
18130 0.000353999988874
18140 0.00102399999741
18150 0.001601499971
18160 0.000299000006635
18170 0.000956500007305
18180 0.0019340000581
18190 0.000892499985639
18200 0.00116400001571
18210 6.84999977238e-05
18220 8.19999986561e-05
18230 0.000113499998406
18240 7.7999997302e-05
18250 -0.000365999992937
18260 -3.70000016119e-05
18270 3.40000005963e-05
18280 0.000257000006968
18290 5.1999999414e-05
18300 0.000228000004427
18310 0.000103500002297
18320 0.000193999992916
18330 0.000175499997567
18340 0.000554000027478
18350 0.000138000003062
18360 1.20000004245e-05
18370 7.49999981053e-06
18380 3.00000010611e-06
18390 3.3500000427e-05
18400 9.99999974738e-06
18410 -4.50000015917e-06
18420 -4.99999987369e-06
18430 -5.1999999414e-05
18440 -0.000195999993593
18450 -0.00106599996798
18460 -0.000722999975551
18470 -3.84999984817e-05
18480 0
18490 -2.49999993684e-06
18500 -6.7000000854e-05
18510 -1.29999998535e-05
18520 6.00000021223e-06
18530 4.40000003437e-05
18540 0
18550 2.99999992421e-05
18560 0.000276000006124
18570 2.44999991992e-05
18580 0.000130999993416
18590 0.0004595000064
18600 2.70000000455e-05
18610 2.70000000455e-05
18620 0.00126499996986
18630 0.00141250004526
18640 0.00114800001029
18650 0.000185500000953
18660 0.00179200002458
18670 0.00166249996983
18680 3.79999983124e-05
18690 4.35000001744e-05
18700 1.4000000192e-05
18710 9.99999997475e-07
18720 7.9999999798e-06
18730 2.64999998763e-05
18740 9.99999997475e-07
18750 3.65000014426e-05
18760 2.20000001718e-05
18770 2.20000001718e-05
18780 9.99999974738e-05
18790 0.000669499975629
18800 0.000785999989603
18810 0.000270499993348
18820 0.000180000002729
18830 0.000386500003515
18840 4.99999987369e-05
18850 0
18860 0
18870 0
18880 0
18890 0
18900 0
18910 0
18920 0
18930 0
18940 0
18950 0
18960 0
18970 0
18980 0
18990 0
19000 0
19010 0
19020 0
19030 0
19040 0
19050 0
19060 0
19070 0
19080 0
19090 0
19100 0
19110 0
19120 0
19130 0
19140 0
19150 0
19160 0
19170 0
19180 0
19190 0
19200 0
19210 0
19220 0
19230 0
19240 0
19250 0
19260 0
19270 0
19280 0
19290 0
19300 0
19310 0
19320 0
19330 0
19340 0
19350 0
19360 0
19370 0
19380 0
19390 0
19400 0
19410 0
19420 0
19430 0
19440 0
19450 0
19460 0
19470 0
19480 0
19490 0
19500 0
19510 0
19520 0
19530 0
19540 0
19550 0
19560 0
19570 0
19580 0
19590 0
19600 0
19610 0
19620 0
19630 0
19640 0
19650 0
19660 0
19670 0
19680 0
19690 0
19700 0
19710 0
19720 0
19730 0
19740 0
19750 0
19760 0
19770 0
19780 0
19790 0
19800 0
19810 0
19820 0
19830 0
19840 0
19850 0
19860 0
19870 0
19880 0
19890 0
19900 0
19910 0
19920 0
19930 0
19940 0
19950 0
19960 0
19970 0
19980 0
19990 0
20000 0
