2100 0
2110 0
2120 0
2130 0
2140 0
2150 0
2160 0
2170 0
2180 0
2190 0
2200 0
2210 0
2220 0
2230 0
2240 0
2250 0
2260 0
2270 0
2280 0
2290 0
2300 0
2310 0
2320 0
2330 0
2340 0
2350 0
2360 0
2370 0
2380 0
2390 0
2400 0
2410 0
2420 0
2430 0
2440 0
2450 0
2460 0
2470 0
2480 0
2490 0
2500 0
2510 0
2520 0
2530 0
2540 0
2550 0
2560 0
2570 0
2580 0
2590 0
2600 0
2610 0
2620 0
2630 0
2640 0
2650 0
2660 0
2670 0
2680 0
2690 0
2700 0
2710 0
2720 0
2730 0
2740 0
2750 0
2760 0
2770 0
2780 0
2790 0
2800 0
2810 0
2820 0
2830 0
2840 0
2850 0
2860 0
2870 0
2880 0
2890 0
2900 0
2910 0
2920 0
2930 0
2940 0
2950 0
2960 0
2970 0
2980 0
2990 0
3000 0
3010 0
3020 0
3030 0
3040 0
3050 0
3060 0
3070 0
3080 0
3090 0
3100 0
3110 0
3120 0
3130 0
3140 0
3150 0
3160 0
3170 0
3180 0
3190 0
3200 0
3210 0
3220 0
3230 0
3240 0
3250 0
3260 0
3270 0
3280 0
3290 0
3300 0
3310 0
3320 0
3330 0
3340 0
3350 0
3360 0
3370 0
3380 0
3390 0
3400 0
3410 0
3420 0
3430 0
3440 0
3450 0
3460 0
3470 0
3480 0
3490 0
3500 0
3510 0
3520 0
3530 0
3540 0
3550 0
3560 0
3570 0
3580 0
3590 0
3600 0
3610 0
3620 0
3630 0
3640 0
3650 0
3660 0
3670 0
3680 0
3690 0
3700 0
3710 0
3720 0
3730 0
3740 0
3750 0
3760 0
3770 0
3780 0
3790 0
3800 0
3810 0
3820 0
3830 0
3840 0
3850 0
3860 0
3870 0
3880 0
3890 0
3900 0
3910 0
3920 0
3930 0
3940 0
3950 0
3960 0
3970 0
3980 0
3990 0
4000 0
4010 0
4020 0
4030 0
4040 0
4050 0
4060 0
4070 0
4080 0
4090 0
4100 0
4110 0
4120 0
4130 0
4140 0
4150 0
4160 0
4170 0
4180 0
4190 0
4200 0
4210 0
4220 0
4230 0
4240 0
4250 0
4260 0
4270 0
4280 0
4290 0
4300 0
4310 0
4320 0
4330 0
4340 0
4350 0
4360 0
4370 0
4380 0
4390 0
4400 0
4410 0
4420 0
4430 0
4440 0
4450 0
4460 0
4470 0
4480 0
4490 0
4500 0
4510 0
4520 0
4530 0
4540 0
4550 0
4560 0
4570 0
4580 0
4590 0
4600 0
4610 0
4620 0
4630 0
4640 0
4650 0
4660 0
4670 0
4680 0
4690 0
4700 0
4710 0
4720 0
4730 0
4740 0
4750 0
4760 0
4770 0
4780 0
4790 0
4800 0
4810 0
4820 0
4830 0
4840 0
4850 0
4860 0
4870 0
4880 0
4890 0
4900 0
4910 0
4920 0
4930 0
4940 0
4950 0
4960 0
4970 0
4980 0
4990 0
5000 0
5010 0
5020 0
5030 0
5040 0
5050 0
5060 0
5070 0
5080 0
5090 0
5100 0
5110 0
5120 0
5130 0
5140 0
5150 0
5160 0
5170 0
5180 0
5190 0
5200 0
5210 0
5220 0
5230 0
5240 0
5250 0
5260 0
5270 0
5280 0
5290 0
5300 0
5310 0
5320 0
5330 0
5340 0
5350 0
5360 0
5370 0
5380 0
5390 0
5400 0
5410 0
5420 0
5430 0
5440 0
5450 0
5460 0
5470 0
5480 0
5490 0
5500 0
5510 0
5520 0
5530 0
5540 0
5550 0
5560 0
5570 0
5580 0
5590 0
5600 0
5610 0
5620 0
5630 0
5640 0
5650 0
5660 0
5670 0
5680 0
5690 0
5700 0
5710 0
5720 0
5730 0
5740 0
5750 0
5760 0
5770 0
5780 0
5790 0
5800 0
5810 0
5820 0
5830 0
5840 0
5850 0
5860 0
5870 0
5880 0
5890 0
5900 0
5910 0
5920 0
5930 0
5940 0
5950 0
5960 0
5970 0
5980 0
5990 0
6000 0
6010 0
6020 0
6030 0
6040 0
6050 0
6060 0
6070 0
6080 0
6090 0
6100 0
6110 0
6120 0
6130 0
6140 0
6150 0
6160 0
6170 0
6180 0
6190 0
6200 0
6210 0
6220 0
6230 0
6240 0
6250 0
6260 0
6270 0
6280 0
6290 0
6300 0
6310 0
6320 0
6330 0
6340 0
6350 0
6360 0
6370 0
6380 0
6390 0
6400 0
6410 0
6420 0
6430 0
6440 0
6450 0
6460 0
6470 0
6480 0
6490 0
6500 0
6510 0
6520 0
6530 0
6540 0
6550 0
6560 0
6570 0
6580 0
6590 0
6600 0
6610 0
6620 0
6630 0
6640 0
6650 0
6660 0
6670 0
6680 0
6690 0
6700 0
6710 0
6720 0
6730 0
6740 0
6750 0
6760 0
6770 0
6780 0
6790 0
6800 0
6810 0
6820 0
6830 0
6840 0
6850 0
6860 0
6870 0
6880 0
6890 0
6900 0
6910 0
6920 0
6930 0
6940 0
6950 0
6960 0
6970 0
6980 0
6990 0
7000 0
7010 0
7020 0
7030 0
7040 0
7050 0
7060 0
7070 0
7080 0
7090 0
7100 0
7110 0
7120 0
7130 0
7140 0
7150 0
7160 0
7170 0
7180 0
7190 0
7200 0
7210 0
7220 0
7230 0
7240 0
7250 0
7260 0
7270 0
7280 0
7290 0
7300 0
7310 0
7320 0
7330 0
7340 0
7350 0
7360 0
7370 0
7380 0
7390 0
7400 0
7410 0
7420 0
7430 0
7440 0
7450 0
7460 0
7470 0
7480 0
7490 0
7500 0
7510 0
7520 0
7530 0
7540 0
7550 0
7560 0
7570 0
7580 0
7590 0
7600 0
7610 0
7620 0
7630 0
7640 0
7650 0
7660 0
7670 0
7680 0
7690 0
7700 0
7710 0
7720 0
7730 0
7740 0
7750 0
7760 0
7770 0
7780 0
7790 0
7800 0
7810 0
7820 0
7830 0
7840 0
7850 0
7860 0
7870 0
7880 0
7890 0
7900 0
7910 0
7920 0
7930 0
7940 0
7950 0
7960 0
7970 0
7980 0
7990 0
8000 0
8010 0
8020 0
8030 0
8040 0
8050 0
8060 0
8070 0
8080 0
8090 0
8100 0
8110 0
8120 0
8130 0
8140 0
8150 0
8160 0
8170 0
8180 0
8190 0
8200 0
8210 0
8220 0
8230 0
8240 0
8250 0
8260 0
8270 0
8280 0
8290 0
8300 0
8310 0
8320 0
8330 0
8340 0
8350 0
8360 0
8370 0
8380 0
8390 0
8400 0
8410 0
8420 0
8430 0
8440 0
8450 0
8460 0
8470 0
8480 0
8490 0
8500 0
8510 0
8520 0
8530 0
8540 0
8550 0
8560 0
8570 0
8580 0
8590 0
8600 0
8610 0
8620 0
8630 0
8640 0
8650 0
8660 0
8670 0
8680 0
8690 0
8700 0
8710 0
8720 0
8730 0
8740 0
8750 0
8760 0
8770 0
8780 0
8790 0
8800 0
8810 0
8820 0
8830 0
8840 0
8850 0
8860 0
8870 0
8880 0
8890 0
8900 0
8910 0
8920 0
8930 0
8940 0
8950 0
8960 0
8970 0
8980 0
8990 0
9000 -0.000413000001572
9010 -0.000125499995193
9020 0.000165999997989
9030 0.00046250000014
9040 0.000811000005342
9050 0.00112499995157
9060 0.00144000002183
9070 0.00169599999208
9080 0.00189600000158
9090 0.00222699996084
9100 0.00257800007239
9110 0.00223150011152
9120 0.00206599989906
9130 0.00174800003879
9140 0.00135399994906
9150 0.00120549998246
9160 0.000818000000436
9170 0.00063050002791
9180 0.000315999990562
9190 5.60000007681e-05
9200 -0.000228999997489
9210 0.000167999998666
9220 0.000556999992114
9230 0.000967999978457
9240 0.00135899998713
9250 0.0017269999953
9260 0.00215699989349
9270 0.00256199995056
9280 0.00289699994028
9290 0.00310000008903
9300 0.00330500002019
9310 0.00286399992183
9320 0.00244499999098
9330 0.00199949997477
9340 0.00176899996586
9350 0.00140950002242
9360 0.00195599999279
9370 0.00255249999464
9380 0.00286299991421
9390 0.00348649988882
9400 0.00528400018811
9410 0.00567599991336
9420 0.00628700014204
9430 0.00652550021186
9440 0.00753499986604
9450 0.00688150012866
9460 0.00922999996692
9470 0.0102390004322
9480 0.0125959999859
9490 0.0134984999895
9500 0.0139990001917
9510 0.0200919993222
9520 0.0293249990791
9530 0.0311799999326
9540 0.0434300005436
9550 0.046317499131
9560 0.0639220029116
9570 0.0826589986682
9580 0.116866998374
9590 0.125371992588
9600 0.134260997176
9610 0.196823492646
9620 0.253208994865
9630 0.276509493589
9640 0.346127986908
9650 0.361725986004
9660 0.44248598814
9670 0.446339488029
9680 0.532070994377
9690 0.568783998489
9700 0.622907996178
9710 0.625519514084
9720 0.642652988434
9730 0.651235997677
9740 0.643954992294
9750 0.658428013325
9760 0.665512979031
9770 0.681049525738
9780 0.719546020031
9790 0.711912512779
9800 0.712411999702
9810 0.739711523056
9820 0.770880997181
9830 0.767295479774
9840 0.790459990501
9850 0.801045000553
9860 0.812803983688
9870 0.82443600893
9880 0.826970994473
9890 0.839209496975
9900 0.84278100729
9910 0.846367001534
9920 0.851014971733
9930 0.85219502449
9940 0.856338024139
9950 0.859905481339
9960 0.861331999302
9970 0.863574981689
9980 0.865113973618
9990 0.866998970509
10000 0.868140995502
10010 0.871123492718
10020 0.870647013187
10030 0.872875511646
10040 0.876897990704
10050 0.878128528595
10060 0.875310003757
10070 0.873083472252
10080 0.869403004646
10090 0.865711510181
10100 0.860351026058
10110 0.856117010117
10120 0.849045991898
10130 0.841811001301
10140 0.835328996181
10150 0.828059017658
10160 0.825118005276
10170 0.823251008987
10180 0.820779025555
10190 0.818614006042
10200 0.814804017544
10210 0.82295948267
10220 0.829131007195
10230 0.835978507996
10240 0.841156005859
10250 0.849307477474
10260 0.855817973614
10270 0.862064003944
10280 0.86703401804
10290 0.874054014683
10300 0.880515992641
10310 0.879915475845
10320 0.878825008869
10330 0.878782987595
10340 0.878022015095
10350 0.877467989922
10360 0.875859022141
10370 0.874167025089
10380 0.872496008873
10390 0.87080347538
10400 0.869111001492
10410 0.873409509659
10420 0.877708017826
10430 0.882004976273
10440 0.886301994324
10450 0.890736997128
10460 0.896287977695
10470 0.901977002621
10480 0.907665014267
10490 0.913249492645
10500 0.918421983719
10510 0.925143480301
10520 0.931378006935
10530 0.937619507313
10540 0.943947017193
10550 0.950057983398
10560 0.954369008541
10570 0.95847851038
10580 0.962539970875
10590 0.966597020626
10600 0.970682024956
10610 0.971758008003
10620 0.972747027874
10630 0.973200976849
10640 0.974510014057
10650 0.974442005157
10660 0.971789002419
10670 0.968650996685
10680 0.963828027248
10690 0.960991024971
10700 0.957243978977
10710 0.956547021866
10720 0.955027997494
10730 0.952488005161
10740 0.953279018402
10750 0.946148514748
10760 0.948662996292
10770 0.944233477116
10780 0.932523012161
10790 0.93868547678
10800 0.934049010277
10810 0.925966501236
10820 0.922905027866
10830 0.92747348547
10840 0.904794991016
10850 0.916861474514
10860 0.913366019726
10870 0.899796009064
10880 0.919929981232
10890 0.922290027142
10900 0.920265972614
10910 0.909633517265
10920 0.936819970608
10930 0.896548509598
10940 0.930854976177
10950 0.920111000538
10960 0.913163006306
10970 0.912078022957
10980 0.888971984386
10990 0.878408014774
11000 0.836603999138
11010 0.808696985245
11020 0.766249001026
11030 0.703581988811
11040 0.675239026546
11050 0.607514023781
11060 0.555921971798
11070 0.478688001633
11080 0.431394994259
11090 0.346035510302
11100 0.304571986198
11110 0.243281006813
11120 0.200799003243
11130 0.161375999451
11140 0.102103002369
11150 0.0852809995413
11160 0.0602490007877
11170 0.0344510003924
11180 0.0390909984708
11190 0.0269744992256
11200 0.0168180000037
11210 0.0163139998913
11220 0.0122630000114
11230 0.00661000004038
11240 0.00691499980167
11250 0.00668800016865
11260 0.00275500002317
11270 0.0045345001854
11280 0.00321600004099
11290 0.00322799989954
11300 0.00221699988469
11310 0.00298399990425
11320 0.00303200003691
11330 0.00231699994765
11340 0.00126799999271
11350 0.000529500015546
11360 0.00118599995039
11370 0.00142900005449
11380 0.00127500004601
11390 0.0010595000349
11400 0.000979000004008
11410 0.000922499981243
11420 0.000937999982852
11430 0.00111099996138
11440 0.00105800002348
11450 0.000839999993332
11460 0.000878999999259
11470 0.000704000005499
11480 0.00072499999078
11490 0.000893999997061
11500 0.000667000014801
11510 0.00062499998603
11520 0.000445000012405
11530 0.000208500001463
11540 4.70000013593e-05
11550 -0.000101999998151
11560 0.000102999998489
11570 0.000399999989895
11580 0.000633999996353
11590 0.00095750001492
11600 0.00126000004821
11610 0.000936999975238
11620 0.000711000000592
11630 0.000422999990406
11640 0.000125000005937
11650 -0.000133499997901
11660 2.20000001718e-05
11670 0.000227500000619
11680 0.000444000004791
11690 0.000650500005577
11700 0.000882999971509
11710 0.000375500007067
11720 -0.000119999996969
11730 -0.000608999980614
11740 -0.0010529999854
11750 -0.00149950000923
11760 -0.00137299997732
11770 -0.0012085000053
11780 -0.000873000011779
11790 -0.000722999975551
11800 -0.000487000012072
11810 -0.000167000005604
11820 0.000159000002895
11830 0.000496499997098
11840 0.00087099999655
11850 0.00111599999946
11860 0.00141899997834
11870 0.00161499995738
11880 0.00169499998447
11890 0.00191700004507
11900 0.0022609999869
11910 0.00175799999852
11920 0.00130899995565
11930 0.000843500019982
11940 0.00034900000901
11950 -5.85000016144e-05
11960 -1.49999996211e-05
11970 8.49999996717e-05
11980 0.000180999995791
11990 0.000273999990895
12000 0.000380999990739
12010 0.000108000000182
12020 -0.00016300000425
12030 -0.000445499987109
12040 -0.000653000024613
12050 -0.00092899997253
12060 -0.000821999972686
12070 -0.000630000024103
12080 -0.000441999989562
12090 -0.000258499989286
12100 -7.59999966249e-05
12110 -2.30000005104e-05
12120 2.99999992421e-05
12130 8.45000031404e-05
12140 0.000140000003739
12150 0.000164500001119
12160 -7.00000009601e-06
12170 -0.000207999997656
12180 -0.000414999987697
12190 -0.000614000018686
12200 -0.000814000028186
12210 -0.000594499986619
12220 -0.000360000005458
12230 -0.000138999996125
12240 8.60000000102e-05
12250 0
12260 0
12270 0
12280 0
12290 0
12300 0
12310 0
12320 0
12330 0
12340 0
12350 0
12360 0
12370 0
12380 0
12390 0
12400 0
12410 0
12420 0
12430 0
12440 0
12450 0
12460 0
12470 0
12480 0
12490 0
12500 0
12510 0
12520 0
12530 0
12540 0
12550 0
12560 0
12570 0
12580 0
12590 0
12600 0
12610 0
12620 0
12630 0
12640 0
12650 0
12660 0
12670 0
12680 0
12690 0
12700 0
12710 0
12720 0
12730 0
12740 0
12750 0
12760 0
12770 0
12780 0
12790 0
12800 0
12810 0
12820 0
12830 0
12840 0
12850 0
12860 0
12870 0
12880 0
12890 0
12900 0
12910 0
12920 0
12930 0
12940 0
12950 0
12960 0
12970 0
12980 0
12990 0
13000 0
13010 0
13020 0
13030 0
13040 0
13050 0
13060 0
13070 0
13080 0
13090 0
13100 0
13110 0
13120 0
13130 0
13140 0
13150 0
13160 0
13170 0
13180 0
13190 0
13200 0
13210 0
13220 0
13230 0
13240 0
13250 0
13260 0
13270 0
13280 0
13290 0
13300 0
13310 0
13320 0
13330 0
13340 0
13350 0
13360 0
13370 0
13380 0
13390 0
13400 0
13410 0
13420 0
13430 0
13440 0
13450 0
13460 0
13470 0
13480 0
13490 0
13500 0
13510 0
13520 0
13530 0
13540 0
13550 0
13560 0
13570 0
13580 0
13590 0
13600 0
13610 0
13620 0
13630 0
13640 0
13650 0
13660 0
13670 0
13680 0
13690 0
13700 0
13710 0
13720 0
13730 0
13740 0
13750 0
13760 0
13770 0
13780 0
13790 0
13800 0
13810 0
13820 0
13830 0
13840 0
13850 0
13860 0
13870 0
13880 0
13890 0
13900 0
13910 0
13920 0
13930 0
13940 0
13950 0
13960 0
13970 0
13980 0
13990 0
14000 0
14010 0
14020 0
14030 0
14040 0
14050 0
14060 0
14070 0
14080 0
14090 0
14100 0
14110 0
14120 0
14130 0
14140 0
14150 0
14160 0
14170 0
14180 0
14190 0
14200 0
14210 0
14220 0
14230 0
14240 0
14250 0
14260 0
14270 0
14280 0
14290 0
14300 0
14310 0
14320 0
14330 0
14340 0
14350 0
14360 0
14370 0
14380 0
14390 0
14400 0
14410 0
14420 0
14430 0
14440 0
14450 0
14460 0
14470 0
14480 0
14490 0
14500 0
14510 0
14520 0
14530 0
14540 0
14550 0
14560 0
14570 0
14580 0
14590 0
14600 0
14610 0
14620 0
14630 0
14640 0
14650 0
14660 0
14670 0
14680 0
14690 0
14700 0
14710 0
14720 0
14730 0
14740 0
14750 0
14760 0
14770 0
14780 0
14790 0
14800 0
14810 0
14820 0
14830 0
14840 0
14850 0
14860 0
14870 0
14880 0
14890 0
14900 0
14910 0
14920 0
14930 0
14940 0
14950 0
14960 0
14970 0
14980 0
14990 0
15000 0
15010 0
15020 0
15030 0
15040 0
15050 0
15060 0
15070 0
15080 0
15090 0
15100 0
15110 0
15120 0
15130 0
15140 0
15150 0
15160 0
15170 0
15180 0
15190 0
15200 0
15210 0
15220 0
15230 0
15240 0
15250 0
15260 0
15270 0
15280 0
15290 0
15300 0
15310 0
15320 0
15330 0
15340 0
15350 0
15360 0
15370 0
15380 0
15390 0
15400 0
15410 0
15420 0
15430 0
15440 0
15450 0
15460 0
15470 0
15480 0
15490 0
15500 0
15510 0
15520 0
15530 0
15540 0
15550 0
15560 0
15570 0
15580 0
15590 0
15600 0
15610 0
15620 0
15630 0
15640 0
15650 0
15660 0
15670 0
15680 0
15690 0
15700 0
15710 0
15720 0
15730 0
15740 0
15750 0
15760 0
15770 0
15780 0
15790 0
15800 0
15810 0
15820 0
15830 0
15840 0
15850 0
15860 0
15870 0
15880 0
15890 0
15900 0
15910 0
15920 0
15930 0
15940 0
15950 0
15960 0
15970 0
15980 0
15990 0
16000 0
16010 0
16020 0
16030 0
16040 0
16050 0
16060 0
16070 0
16080 0
16090 0
16100 0
16110 0
16120 0
16130 0
16140 0
16150 0
16160 0
16170 0
16180 0
16190 0
16200 0
16210 0
16220 0
16230 0
16240 0
16250 0
16260 0
16270 0
16280 0
16290 0
16300 0
16310 0
16320 0
16330 0
16340 0
16350 0
16360 0
16370 0
16380 0
16390 0
16400 0
16410 0
16420 0
16430 0
16440 0
16450 0
16460 0
16470 0
16480 0
16490 0
16500 0
16510 0
16520 0
16530 0
16540 0
16550 0
16560 0
16570 0
16580 0
16590 0
16600 0
16610 0
16620 0
16630 0
16640 0
16650 0
16660 0
16670 0
16680 0
16690 0
16700 0
16710 0
16720 0
16730 0
16740 0
16750 0
16760 0
16770 0
16780 0
16790 0
16800 0
16810 0
16820 0
16830 0
16840 0
16850 0
16860 0
16870 0
16880 0
16890 0
16900 0
16910 0
16920 0
16930 0
16940 0
16950 0
16960 0
16970 0
16980 0
16990 0
17000 0
17010 0
17020 0
17030 0
17040 0
17050 0
17060 0
17070 0
17080 0
17090 0
17100 0
17110 0
17120 0
17130 0
17140 0
17150 0
17160 0
17170 0
17180 0
17190 0
17200 0
17210 0
17220 0
17230 0
17240 0
17250 0
17260 0
17270 0
17280 0
17290 0
17300 0
17310 0
17320 0
17330 0
17340 0
17350 0
17360 0
17370 0
17380 0
17390 0
17400 0
17410 0
17420 0
17430 0
17440 0
17450 0
17460 0
17470 0
17480 0
17490 0
17500 0
17510 0
17520 0
17530 0
17540 0
17550 0
17560 0
17570 0
17580 0
17590 0
17600 0
17610 0
17620 0
17630 0
17640 0
17650 0
17660 0
17670 0
17680 0
17690 0
17700 0
17710 0
17720 0
17730 0
17740 0
17750 0
17760 0
17770 0
17780 0
17790 0
17800 0
17810 0
17820 0
17830 0
17840 0
17850 0
17860 0
17870 0
17880 0
17890 0
17900 0
17910 0
17920 0
17930 0
17940 0
17950 0
17960 0
17970 0
17980 0
17990 0
18000 0
18010 0
18020 0
18030 0
18040 0
18050 0
18060 0
18070 0
18080 0
18090 0
18100 0
18110 0
18120 0
18130 0
18140 0
18150 0
18160 0
18170 0
18180 0
18190 0
18200 0
18210 0
18220 0
18230 0
18240 0
18250 0
18260 0
18270 0
18280 0
18290 0
18300 0
18310 0
18320 0
18330 0
18340 0
18350 0
18360 0
18370 0
18380 0
18390 0
18400 0
18410 0
18420 0
18430 0
18440 0
18450 0
18460 0
18470 0
18480 0
18490 0
18500 0
18510 0
18520 0
18530 0
18540 0
18550 0
18560 0
18570 0
18580 0
18590 0
18600 0
18610 0
18620 0
18630 0
18640 0
18650 0
18660 0
18670 0
18680 0
18690 0
18700 0
18710 0
18720 0
18730 0
18740 0
18750 0
18760 0
18770 0
18780 0
18790 0
18800 0
18810 0
18820 0
18830 0
18840 0
18850 0
18860 0
18870 0
18880 0
18890 0
18900 0
18910 0
18920 0
18930 0
18940 0
18950 0
18960 0
18970 0
18980 0
18990 0
19000 0
19010 0
19020 0
19030 0
19040 0
19050 0
19060 0
19070 0
19080 0
19090 0
19100 0
19110 0
19120 0
19130 0
19140 0
19150 0
19160 0
19170 0
19180 0
19190 0
19200 0
19210 0
19220 0
19230 0
19240 0
19250 0
19260 0
19270 0
19280 0
19290 0
19300 0
19310 0
19320 0
19330 0
19340 0
19350 0
19360 0
19370 0
19380 0
19390 0
19400 0
19410 0
19420 0
19430 0
19440 0
19450 0
19460 0
19470 0
19480 0
19490 0
19500 0
19510 0
19520 0
19530 0
19540 0
19550 0
19560 0
19570 0
19580 0
19590 0
19600 0
19610 0
19620 0
19630 0
19640 0
19650 0
19660 0
19670 0
19680 0
19690 0
19700 0
19710 0
19720 0
19730 0
19740 0
19750 0
19760 0
19770 0
19780 0
19790 0
19800 0
19810 0
19820 0
19830 0
19840 0
19850 0
19860 0
19870 0
19880 0
19890 0
19900 0
19910 0
19920 0
19930 0
19940 0
19950 0
19960 0
19970 0
19980 0
19990 0
20000 0
