# VERSION_PHOTOMETRY:  RSR_R 
# SNANA_VERSION: 886408a4-output17g 
# PROGRAM:       snlc_fit.exe 
# TABLE_NAME:    FITRES 
# 
VARNAMES:  CID IDSURVEY TYPE FIELD CUTFLAG_SNANA ERRFLAG_FIT RA DEC zHEL zHELERR zCMB zCMBERR zHD zHDERR VPEC VPECERR LENSDMU LENSDMUERR MWEBV HOST_LOGMASS HOST_LOGMASS_ERR HOST_LOGMASS_ZPHOT HOST_LOGMASS_ZPHOTERR HOST_LOGSFR HOST_LOGSFR_ERR HOST_LOGsSFR HOST_LOGsSFR_ERR HOST_COLOR HOST_COLOR_ERR HOST_MAG_g HOST_MAG_r HOST_MAG_i HOST_MAG_z HOST_MAG_J HOST_MAG_H HOST_MAGERR_g HOST_MAGERR_r HOST_MAGERR_i HOST_MAGERR_z HOST_MAGERR_J HOST_MAGERR_H PKMJDINI SNRMAX1 SNRMAX2 SNRMAX3 SNRSUM BANDLIST OPT_PHOTOZ PKMJD PKMJDERR STRETCH STRETCHERR AV AVERR RV RVERR DLMAG DLMAGERR COV_STRETCH_AV COV_STRETCH_DLMAG COV_AV_DLMAG NDOF FITCHI2 FITPROB RADIUS_POP 
#
SN: DES16C1cim 10 0 VOID 3 0 54.876510000000003 -26.649180000000001 0.53100001811981201 9.9999997473787516e-06 0.53100001811981201 9.9999997473787516e-06 0.53070878982543945 0.001276723574846983 57.043231964111328 250 0 0 0.011699999682605267 8.3920001983642578 0.043999999761581421 -9999 -9999 0 0 0 0 0 0 0 0 0 0 0 0 0 0 0 0 0 0 57686.5 13.16460132598877 8.6230783462524414 8.1672391891479492 38.823921203613281 griz 0 57685.578125 1.2792682647705078 1.2076928615570068 0.0011280928738415241 -0.0875200554728508 0.072235941886901855 1.5180000066757202 0 42.780719757080078 0.10864793509244919 -1.8425809003019822e-06 1.8568895256976248e-06 -0.0072993556968867779 61 56.155082702636719 0.65173488855361938 -9
SN: DES16C3cmy 10 0 VOID 3 0 51.805999999999997 -27.489090000000001 0.55640000104904175 9.9999997473787516e-06 0.55640000104904175 9.9999997473787516e-06 0.55604803562164307 0.00129790382925421 67.83966064453125 250 0 0 0.008500000461935997 10.706000328063965 0.041999999433755875 -9999 -9999 -9999 -9999 -9999 -9999 -9999 -9999 999 999 999 999 999 999 999 999 999 999 999 999 57695.5 45.518421173095703 36.264877319335938 32.421768188476562 121.96723175048828 griz 0 57695.21875 0.28873643279075623 1.0876942873001099 0.00071175297489389777 -0.024637835100293159 0.025460096076130867 1.5180000066757202 0 42.378387451171875 0.037722673267126083 -3.3202056215486664e-07 6.1657937067138846e-07 -0.00091831473400816321 49 62.281631469726562 0.0963553786277771 -9
SN: DES16E1dcx 10 0 VOID 3 0 8.9685000000000006 -43.35812 0.45300000905990601 9.9999997473787516e-06 0.45300000905990601 9.9999997473787516e-06 0.45251798629760742 0.0012116823345422745 99.48101806640625 250 0 0 0.0063000000081956387 10.770000457763672 0.11500000208616257 -9999 -9999 -9999 -9999 -9999 -9999 -9999 -9999 999 999 999 999 999 999 999 999 999 999 999 999 57707 18.340513229370117 13.11883544921875 10.477818489074707 69.928718566894531 griz 0 57704.81640625 0.78766977787017822 1.2953846454620361 0.00045214217971079051 0.17052483558654785 0.042501673102378845 1.5180000066757202 0 42.054351806640625 0.051099982112646103 -2.9003282975281763e-07 2.0427903280051396e-07 -0.0019382211612537503 87 155.14071655273438 9.8181053544976749e-06 -9
SN: DES16E2clk 10 0 VOID 3 0 9.2036499999999997 -44.139850000000003 0.36700001358985901 9.9999997473787516e-06 0.36700001358985901 9.9999997473787516e-06 0.36663913726806641 0.0011399704962968826 79.150077819824219 250 0 0 0.0071000000461935997 8.9060001373291016 0.081000000238418579 -9999 -9999 -9999 -9999 -9999 -9999 -9999 -9999 999 999 999 999 999 999 999 999 999 999 999 999 57693.69921875 34.930034637451172 32.621463775634766 25.001775741577148 81.112503051757812 griz 0 57693.203125 0.42578110098838806 1.0084770917892456 0.030279999598860741 0.13254460692405701 0.028271293267607689 1.5180000066757202 0 41.611526489257812 0.054838620126247406 -0.00011270369577687234 0.0010512658627703786 -0.0012441051658242941 44 30.366966247558594 0.94121086597442627 -9
SN: DES16E2cqq 10 0 VOID 3 0 9.9586500000000004 -43.564830000000001 0.42599999904632568 9.9999997473787516e-06 0.42599999904632568 9.9999997473787516e-06 0.4255605936050415 0.0011891680769622326 92.419288635253906 250 0 0 0.0051000001840293407 9.2510004043579102 0.1080000028014183 -9999 -9999 -9999 -9999 -9999 -9999 -9999 -9999 999 999 999 999 999 999 999 999 999 999 999 999 57695.30078125 26.561595916748047 16.035844802856445 12.175100326538086 50.506572723388672 griz 0 57694.92578125 0.63592857122421265 0.89733868837356567 0.03510754182934761 0.22059705853462219 0.05395454540848732 1.5180000066757202 0 41.849941253662109 0.075127802789211273 0.00077458558371290565 0.00097598053980618715 -0.0026246572379022837 44 54.701099395751953 0.12938259541988373 -9
SN: DES16S1agd 10 0 VOID 3 0 43.083590000000001 -0.91119000000000006 0.50400000810623169 9.9999997473787516e-06 0.50400000810623169 9.9999997473787516e-06 0.50347554683685303 0.0012542093172669411 104.578857421875 250 0 0 0.055900000035762787 9.7469997406005859 0.26199999451637268 -9999 -9999 -9999 -9999 -9999 -9999 -9999 -9999 999 999 999 999 999 999 999 999 999 999 999 999 57644.3984375 12.889439582824707 10.286842346191406 9.0831403732299805 37.927276611328125 griz 0 57644.68359375 0.84261304140090942 1.1015353202819824 0.0015036106342449784 0.15993490815162659 0.07687358558177948 1.5180000066757202 0 42.113037109375 0.10156454145908356 -0.00019218238594476134 0.00041041421354748309 -0.0076105701737105846 49 59.074104309082031 0.15349608659744263 -9
SN: DES16S1bno 10 0 VOID 3 0 42.515929999999997 -0.021590000000000002 0.4699999988079071 9.9999997473787516e-06 0.4699999988079071 9.9999997473787516e-06 0.46951377391815186 0.0012258581118658185 99.203704833984375 250 0 0 0.051899999380111694 8.5399999618530273 0.0099999997764825821 -9999 -9999 -9999 -9999 -9999 -9999 -9999 -9999 999 999 999 999 999 999 999 999 999 999 999 999 57663.3984375 15.052609443664551 13.764578819274902 9.7757539749145508 41.469253540039062 griz 0 57663.07421875 0.61277264356613159 0.856922447681427 0.00086206762352958322 0.053944993764162064 0.06354977935552597 1.5180000066757202 0 42.137744903564453 0.088261678814888 0.00013203747221268713 0.000179831258719787 -0.0051029715687036514 57 39.251667022705078 0.96491384506225586 -9
SN: DES16S2afz 10 0 VOID 3 0 41.601370000000003 -1.22529 0.4830000102519989 9.9999997473787516e-06 0.4830000102519989 9.9999997473787516e-06 0.48248660564422607 0.0012366982409730554 103.82099914550781 250 0 0 0.029699999839067459 9.550999641418457 0.25 -9999 -9999 -9999 -9999 -9999 -9999 -9999 -9999 999 999 999 999 999 999 999 999 999 999 999 999 57648 19.823217391967773 19.586887359619141 15.597654342651367 56.074924468994141 griz 0 57648.53125 0.95516175031661987 1.1892225742340088 0.0019863168708980083 0.078644029796123505 0.05515047162771225 1.5180000066757202 0 41.990768432617188 0.068156614899635315 -4.2181422941212077e-06 4.0833651837601792e-06 -0.0034238356165587902 47 36.030109405517578 0.8777012825012207 -9
SN: DES16X3cry 10 0 VOID 3 0 36.043950000000002 -3.8311099999999998 0.6119999885559082 9.9999997473787516e-06 0.6119999885559082 9.9999997473787516e-06 0.61120843887329102 0.0013442666968330741 147.28007507324219 250 0 0 0.025200000032782555 8.9379997253417969 0.23199999332427979 -9999 -9999 -9999 -9999 -9999 -9999 -9999 -9999 999 999 999 999 999 999 999 999 999 999 999 999 57700.69921875 26.489299774169922 22.617687225341797 16.1917724609375 74.583786010742188 griz 0 57700.62109375 0.43742433190345764 1.0969225168228149 0.00037760226405225694 0.035055592656135559 0.0394175685942173 1.5180000066757202 0 42.746273040771484 0.06027819961309433 -7.6666658799240395e-08 1.4851160301532218e-07 -0.0022709344048053026 39 44.142990112304688 0.26326256990432739 -9
SN: DES16X3zd 10 0 VOID 3 0 36.73527 -4.4193899999999999 0.49500000476837158 9.9999997473787516e-06 0.49500000476837158 9.9999997473787516e-06 0.49441659450531006 0.0012467044871300459 117.03221130371094 250 0 0 0.023499999195337296 10.053000450134277 0.0070000002160668373 -9999 -9999 -9999 -9999 -9999 -9999 -9999 -9999 999 999 999 999 999 999 999 999 999 999 999 999 57644.3984375 31.075656890869141 26.341541290283203 19.357843399047852 81.219940185546875 griz 0 57644.89453125 0.31450462341308594 0.89384567737579346 0.00044006187818013132 0.34133827686309814 0.035171926021575928 1.5180000066757202 0 42.039871215820312 0.046575706452131271 3.7066878576297313e-05 3.1920986657496542e-05 -0.0015275637852028012 39 62.285404205322266 0.010320840403437614 -9
