# VERSION_PHOTOMETRY:  RSR_B 
# SNANA_VERSION: 886408a4-output17g 
# PROGRAM:       snlc_fit.exe 
# TABLE_NAME:    FITRES 
# 
VARNAMES:  CID IDSURVEY TYPE FIELD CUTFLAG_SNANA ERRFLAG_FIT RA DEC zHEL zHELERR zCMB zCMBERR zHD zHDERR VPEC VPECERR LENSDMU LENSDMUERR MWEBV HOST_LOGMASS HOST_LOGMASS_ERR HOST_LOGMASS_ZPHOT HOST_LOGMASS_ZPHOTERR HOST_LOGSFR HOST_LOGSFR_ERR HOST_LOGsSFR HOST_LOGsSFR_ERR HOST_COLOR HOST_COLOR_ERR HOST_MAG_g HOST_MAG_r HOST_MAG_i HOST_MAG_z HOST_MAG_J HOST_MAG_H HOST_MAGERR_g HOST_MAGERR_r HOST_MAGERR_i HOST_MAGERR_z HOST_MAGERR_J HOST_MAGERR_H PKMJDINI SNRMAX1 SNRMAX2 SNRMAX3 SNRSUM BANDLIST OPT_PHOTOZ PKMJD PKMJDERR STRETCH STRETCHERR AV AVERR RV RVERR DLMAG DLMAGERR COV_STRETCH_AV COV_STRETCH_DLMAG COV_AV_DLMAG NDOF FITCHI2 FITPROB RADIUS_POP 
#
SN: DES16C1cim 10 0 VOID 3 0 54.876510000000003 -26.649180000000001 0.53100001811981201 9.9999997473787516e-06 0.53100001811981201 9.9999997473787516e-06 0.53070878982543945 0.001276723574846983 57.043231964111328 250 0 0 0.011699999682605267 8.3920001983642578 0.043999999761581421 -9999 -9999 0 0 0 0 0 0 0 0 0 0 0 0 0 0 0 0 0 0 57686.5 13.166896820068359 8.6257553100585938 8.1694469451904297 39.029220581054688 griz 0 57686.5 0 1.0230801105499268 0.0016286254394799471 0.054075200110673904 0.069768153131008148 1.5180000066757202 0 42.576488494873047 0.10795249789953232 -3.7929556128801778e-05 0.00047603264101780951 -0.0073153665289282799 71 93.987190246582031 0.035329174250364304 -9
SN: DES16C3cmy 10 0 VOID 3 0 51.805999999999997 -27.489090000000001 0.55640000104904175 9.9999997473787516e-06 0.55640000104904175 9.9999997473787516e-06 0.55604803562164307 0.00129790382925421 67.83966064453125 250 0 0 0.008500000461935997 10.706000328063965 0.041999999433755875 -9999 -9999 -9999 -9999 -9999 -9999 -9999 -9999 999 999 999 999 999 999 999 999 999 999 999 999 57695.5 45.526222229003906 36.270870208740234 32.427448272705078 122.00108337402344 griz 0 57695.5 0 1.0693570375442505 0.027481194585561752 -0.014675343409180641 0.027726149186491966 1.5180000066757202 0 42.358840942382812 0.049772143363952637 -0.00030378304654732347 0.0008980318671092391 -0.0012815429363399744 51 67.0465087890625 0.065283112227916718 -9
SN: DES16E1dcx 10 0 VOID 3 0 8.9685000000000006 -43.35812 0.45300000905990601 9.9999997473787516e-06 0.45300000905990601 9.9999997473787516e-06 0.45251798629760742 0.0012116823345422745 99.48101806640625 250 0 0 0.0063000000081956387 10.770000457763672 0.11500000208616257 -9999 -9999 -9999 -9999 -9999 -9999 -9999 -9999 999 999 999 999 999 999 999 999 999 999 999 999 57707 18.344692230224609 13.122199058532715 10.480044364929199 69.946060180664062 griz 0 57707 0 1.2123095989227295 0.0013122311793267727 0.29740113019943237 0.038427829742431641 1.5180000066757202 0 41.966518402099609 0.050346147269010544 -0.00028669644962064922 0.00033929100027307868 -0.0021021987777203321 89 160.62832641601562 5.0488151828176342e-06 -9
SN: DES16E2clk 10 0 VOID 3 0 9.2036499999999997 -44.139850000000003 0.36700001358985901 9.9999997473787516e-06 0.36700001358985901 9.9999997473787516e-06 0.36663913726806641 0.0011399704962968826 79.150077819824219 250 0 0 0.0071000000461935997 8.9060001373291016 0.081000000238418579 -9999 -9999 -9999 -9999 -9999 -9999 -9999 -9999 999 999 999 999 999 999 999 999 999 999 999 999 57693.69921875 34.939640045166016 32.631057739257812 25.007539749145508 81.132415771484375 griz 0 57693.69921875 0 0.99076908826828003 0.00016925216186791658 0.13254410028457642 0.027891878038644791 1.5180000066757202 0 41.598857879638672 0.041587341576814651 -3.8334114833560307e-06 1.7057247532648034e-05 -0.0011008833535015583 45 31.553884506225586 0.93542832136154175 -9
SN: DES16E2cqq 10 0 VOID 3 0 9.9586500000000004 -43.564830000000001 0.42599999904632568 9.9999997473787516e-06 0.42599999904632568 9.9999997473787516e-06 0.4255605936050415 0.0011891680769622326 92.419288635253906 250 0 0 0.0051000001840293407 9.2510004043579102 0.1080000028014183 -9999 -9999 -9999 -9999 -9999 -9999 -9999 -9999 999 999 999 999 999 999 999 999 999 999 999 999 57695.30078125 26.568628311157227 16.04005241394043 12.176429748535156 50.519035339355469 griz 0 57695.30078125 0 0.88736402988433838 0.030005212873220444 0.21206675469875336 0.053705591708421707 1.5180000066757202 0 41.848384857177734 0.073407746851444244 0.00065037352032959461 0.0007514983881264925 -0.0026638642884790897 45 55.047107696533203 0.14496658742427826 -9
SN: DES16S1agd 10 0 VOID 3 0 43.083590000000001 -0.91119000000000006 0.50400000810623169 9.9999997473787516e-06 0.50400000810623169 9.9999997473787516e-06 0.50347554683685303 0.0012542093172669411 104.578857421875 250 0 0 0.055900000035762787 9.7469997406005859 0.26199999451637268 -9999 -9999 -9999 -9999 -9999 -9999 -9999 -9999 999 999 999 999 999 999 999 999 999 999 999 999 57644.3984375 12.892724990844727 10.289262771606445 9.0856809616088867 38.053684234619141 griz 0 57644.3984375 0 1.0830774307250977 0.00044521421659737825 0.19376690685749054 0.079600237309932709 1.5180000066757202 0 42.060810089111328 0.1034780889749527 -4.2901658162008971e-05 0.00011275920405751094 -0.007285641971975565 55 77.837448120117188 0.023039098829030991 -9
SN: DES16S1bno 10 0 VOID 3 0 42.515929999999997 -0.021590000000000002 0.4699999988079071 9.9999997473787516e-06 0.4699999988079071 9.9999997473787516e-06 0.46951377391815186 0.0012258581118658185 99.203704833984375 250 0 0 0.051899999380111694 8.5399999618530273 0.0099999997764825821 -9999 -9999 -9999 -9999 -9999 -9999 -9999 -9999 999 999 999 999 999 999 999 999 999 999 999 999 57663.3984375 15.057110786437988 13.767572402954102 9.7788867950439453 41.558460235595703 griz 0 57663.3984375 0 0.83086287975311279 0.049287490546703339 0.040938500314950943 0.078635834157466888 1.5180000066757202 0 42.110485076904297 0.09407130628824234 0.0023224914912134409 0.0016310742357745767 -0.0036077122204005718 64 51.61346435546875 0.86751300096511841 -9
SN: DES16S2afz 10 0 VOID 3 0 41.601370000000003 -1.22529 0.4830000102519989 9.9999997473787516e-06 0.4830000102519989 9.9999997473787516e-06 0.48248660564422607 0.0012366982409730554 103.82099914550781 250 0 0 0.029699999839067459 9.550999641418457 0.25 -9999 -9999 -9999 -9999 -9999 -9999 -9999 -9999 999 999 999 999 999 999 999 999 999 999 999 999 57648 19.827890396118164 19.591146469116211 15.600469589233398 56.130664825439453 griz 0 57648 0 1.1892318725585938 0.0010410636896267533 0.067873895168304443 0.051221445202827454 1.5180000066757202 0 41.993129730224609 0.067866437137126923 -7.4626103696573409e-07 9.6281553396693198e-07 -0.0032907901331782341 50 41.903305053710938 0.78534096479415894 -9
SN: DES16X3cry 10 0 VOID 3 0 36.043950000000002 -3.8311099999999998 0.6119999885559082 9.9999997473787516e-06 0.6119999885559082 9.9999997473787516e-06 0.61120843887329102 0.0013442666968330741 147.28007507324219 250 0 0 0.025200000032782555 8.9379997253417969 0.23199999332427979 -9999 -9999 -9999 -9999 -9999 -9999 -9999 -9999 999 999 999 999 999 999 999 999 999 999 999 999 57700.69921875 26.494970321655273 22.626251220703125 16.195823669433594 74.638694763183594 griz 0 57700.69921875 0 1.0945172309875488 0.051555212587118149 0.038237802684307098 0.050884757190942764 1.5180000066757202 0 42.742038726806641 0.087174057960510254 -0.0016640065005049109 0.0032531935721635818 -0.0043076220899820328 44 51.290782928466797 0.20948472619056702 -9
SN: DES16X3zd 10 0 VOID 3 0 36.73527 -4.4193899999999999 0.49500000476837158 9.9999997473787516e-06 0.49500000476837158 9.9999997473787516e-06 0.49441659450531006 0.0012467044871300459 117.03221130371094 250 0 0 0.023499999195337296 10.053000450134277 0.0070000002160668373 -9999 -9999 -9999 -9999 -9999 -9999 -9999 -9999 999 999 999 999 999 999 999 999 999 999 999 999 57644.3984375 31.078212738037109 26.342624664306641 19.361995697021484 81.272018432617188 griz 0 57644.3984375 0 0.9078984260559082 0.024412106722593307 0.35658806562423706 0.04013538733124733 1.5180000066757202 0 42.04180908203125 0.049018159508705139 0.00046427923371084034 0.0003657899796962738 -0.0012688608840107918 45 76.20465087890625 0.0025106233078986406 -9
