# VERSION_PHOTOMETRY:  RSR_A 
# SNANA_VERSION: 886408a4-output17g 
# PROGRAM:       snlc_fit.exe 
# TABLE_NAME:    FITRES 
# 
VARNAMES:  CID IDSURVEY TYPE FIELD CUTFLAG_SNANA ERRFLAG_FIT RA DEC zHEL zHELERR zCMB zCMBERR zHD zHDERR VPEC VPECERR LENSDMU LENSDMUERR MWEBV HOST_LOGMASS HOST_LOGMASS_ERR HOST_LOGMASS_ZPHOT HOST_LOGMASS_ZPHOTERR HOST_LOGSFR HOST_LOGSFR_ERR HOST_LOGsSFR HOST_LOGsSFR_ERR HOST_COLOR HOST_COLOR_ERR HOST_MAG_g HOST_MAG_r HOST_MAG_i HOST_MAG_z HOST_MAG_J HOST_MAG_H HOST_MAGERR_g HOST_MAGERR_r HOST_MAGERR_i HOST_MAGERR_z HOST_MAGERR_J HOST_MAGERR_H PKMJDINI SNRMAX1 SNRMAX2 SNRMAX3 SNRSUM BANDLIST OPT_PHOTOZ PKMJD PKMJDERR STRETCH STRETCHERR AV AVERR RV RVERR DLMAG DLMAGERR COV_STRETCH_AV COV_STRETCH_DLMAG COV_AV_DLMAG NDOF FITCHI2 FITPROB RADIUS_POP 
#
SN: DES16C1cim 10 0 VOID 3 0 54.876510000000003 -26.649180000000001 0.53100001811981201 9.9999997473787516e-06 0.53100001811981201 9.9999997473787516e-06 0.53070878982543945 0.001276723574846983 57.043231964111328 250 0 0 0.011699999682605267 8.3920001983642578 0.043999999761581421 -9999 -9999 0 0 0 0 0 0 0 0 0 0 0 0 0 0 0 0 0 0 57686.5 13.166896820068359 8.6257553100585938 8.1694469451904297 38.833156585693359 griz 0 57686.5 0 1.1892315149307251 0.00055811897618696094 -0.055695768445730209 0.070110134780406952 1.5180000066757202 0 42.756496429443359 0.10840332508087158 -0.00010187705629505217 0.00013728076010011137 -0.0074265412986278534 62 56.719879150390625 0.66567128896713257 -9
SN: DES16C3cmy 10 0 VOID 3 0 51.805999999999997 -27.489090000000001 0.55640000104904175 9.9999997473787516e-06 0.55640000104904175 9.9999997473787516e-06 0.55604803562164307 0.00129790382925421 67.83966064453125 250 0 0 0.008500000461935997 10.706000328063965 0.041999999433755875 -9999 -9999 -9999 -9999 -9999 -9999 -9999 -9999 999 999 999 999 999 999 999 999 999 999 999 999 57695.5 45.526222229003906 36.270870208740234 32.427448272705078 121.9920654296875 griz 0 57695.5 0 1.0600007772445679 0.00031438705627806485 -0.010980681516230106 0.025432813912630081 1.5180000066757202 0 42.347305297851562 0.03753826767206192 -3.3084133974625729e-06 1.3498741282091942e-05 -0.00092582806246355176 50 63.245021820068359 0.098835140466690063 -9
SN: DES16E1dcx 10 0 VOID 3 0 8.9685000000000006 -43.35812 0.45300000905990601 9.9999997473787516e-06 0.45300000905990601 9.9999997473787516e-06 0.45251798629760742 0.0012116823345422745 99.48101806640625 250 0 0 0.0063000000081956387 10.770000457763672 0.11500000208616257 -9999 -9999 -9999 -9999 -9999 -9999 -9999 -9999 999 999 999 999 999 999 999 999 999 999 999 999 57707 18.344692230224609 13.122199058532715 10.480044364929199 69.946052551269531 griz 0 57707 0 1.2399944067001343 0.001220633857883513 0.27217510342597961 0.038622170686721802 1.5180000066757202 0 41.994327545166016 0.050571329891681671 -1.4587475334337796e-06 1.5009259186626878e-06 -0.0018519980367273092 88 160.83442687988281 3.5032737741858e-06 -9
SN: DES16E2clk 10 0 VOID 3 0 9.2036499999999997 -44.139850000000003 0.36700001358985901 9.9999997473787516e-06 0.36700001358985901 9.9999997473787516e-06 0.36663913726806641 0.0011399704962968826 79.150077819824219 250 0 0 0.0071000000461935997 8.9060001373291016 0.081000000238418579 -9999 -9999 -9999 -9999 -9999 -9999 -9999 -9999 999 999 999 999 999 999 999 999 999 999 999 999 57693.69921875 34.939640045166016 32.631057739257812 25.007539749145508 81.132415771484375 griz 0 57693.69921875 0 0.9907691478729248 0.0001529387227492407 0.13252273201942444 0.027877112850546837 1.5180000066757202 0 41.598884582519531 0.04155939444899559 -3.8308180592139252e-06 1.7051635950338095e-05 -0.001100328634493053 45 31.553888320922852 0.93542826175689697 -9
SN: DES16E2cqq 10 0 VOID 3 0 9.9586500000000004 -43.564830000000001 0.42599999904632568 9.9999997473787516e-06 0.42599999904632568 9.9999997473787516e-06 0.4255605936050415 0.0011891680769622326 92.419288635253906 250 0 0 0.0051000001840293407 9.2510004043579102 0.1080000028014183 -9999 -9999 -9999 -9999 -9999 -9999 -9999 -9999 999 999 999 999 999 999 999 999 999 999 999 999 57695.30078125 26.568628311157227 16.04005241394043 12.176429748535156 50.519035339355469 griz 0 57695.30078125 0 0.88737577199935913 0.03000541590154171 0.21220044791698456 0.053693048655986786 1.5180000066757202 0 41.848251342773438 0.073399201035499573 0.00065022206399589777 0.00075169093906879425 -0.0026625418104231358 45 55.061660766601562 0.14466121792793274 -9
SN: DES16S1agd 10 0 VOID 3 0 43.083590000000001 -0.91119000000000006 0.50400000810623169 9.9999997473787516e-06 0.50400000810623169 9.9999997473787516e-06 0.50347554683685303 0.0012542093172669411 104.578857421875 250 0 0 0.055900000035762787 9.7469997406005859 0.26199999451637268 -9999 -9999 -9999 -9999 -9999 -9999 -9999 -9999 999 999 999 999 999 999 999 999 999 999 999 999 57644.3984375 12.892724990844727 10.289262771606445 9.0856809616088867 37.936531066894531 griz 0 57644.3984375 0 1.1430767774581909 0.00029792383429594338 0.12814296782016754 0.076865777373313904 1.5180000066757202 0 42.159000396728516 0.10052476078271866 -5.3827032388653606e-05 7.1313661464955658e-05 -0.0073492769151926041 50 59.382659912109375 0.1707986444234848 -9
SN: DES16S1bno 10 0 VOID 3 0 42.515929999999997 -0.021590000000000002 0.4699999988079071 9.9999997473787516e-06 0.4699999988079071 9.9999997473787516e-06 0.46951377391815186 0.0012258581118658185 99.203704833984375 250 0 0 0.051899999380111694 8.5399999618530273 0.0099999997764825821 -9999 -9999 -9999 -9999 -9999 -9999 -9999 -9999 999 999 999 999 999 999 999 999 999 999 999 999 57663.3984375 15.057110786437988 13.767572402954102 9.7788867950439453 41.480075836181641 griz 0 57663.3984375 0 0.84769296646118164 0.003992824349552393 0.04910370334982872 0.063099391758441925 1.5180000066757202 0 42.129673004150391 0.088253982365131378 1.2621868336282205e-05 1.3355544979276601e-05 -0.0051714172586798668 58 39.431999206542969 0.97053384780883789 -9
SN: DES16S2afz 10 0 VOID 3 0 41.601370000000003 -1.22529 0.4830000102519989 9.9999997473787516e-06 0.4830000102519989 9.9999997473787516e-06 0.48248660564422607 0.0012366982409730554 103.82099914550781 250 0 0 0.029699999839067459 9.550999641418457 0.25 -9999 -9999 -9999 -9999 -9999 -9999 -9999 -9999 999 999 999 999 999 999 999 999 999 999 999 999 57648 19.827890396118164 19.591146469116211 15.600469589233398 56.088371276855469 griz 0 57648 0 1.1892324686050415 0.0012206658720970154 0.066654622554779053 0.051210526376962662 1.5180000066757202 0 41.994449615478516 0.0678863525390625 -0.00017952990310732275 0.00023171344946604222 -0.0034566451795399189 48 36.247364044189453 0.89337950944900513 -9
SN: DES16X3cry 10 0 VOID 3 0 36.043950000000002 -3.8311099999999998 0.6119999885559082 9.9999997473787516e-06 0.6119999885559082 9.9999997473787516e-06 0.61120843887329102 0.0013442666968330741 147.28007507324219 250 0 0 0.025200000032782555 8.9379997253417969 0.23199999332427979 -9999 -9999 -9999 -9999 -9999 -9999 -9999 -9999 999 999 999 999 999 999 999 999 999 999 999 999 57700.69921875 26.494970321655273 22.626251220703125 16.195823669433594 74.603851318359375 griz 0 57700.69921875 0 1.0969223976135254 0.00039325002580881119 0.035461839288473129 0.039321061223745346 1.5180000066757202 0 42.746665954589844 0.060129832476377487 -1.4608495803258847e-05 3.20220242429059e-05 -0.002302281092852354 40 44.186187744140625 0.29922559857368469 -9
SN: DES16X3zd 10 0 VOID 3 0 36.73527 -4.4193899999999999 0.49500000476837158 9.9999997473787516e-06 0.49500000476837158 9.9999997473787516e-06 0.49441659450531006 0.0012467044871300459 117.03221130371094 250 0 0 0.023499999195337296 10.053000450134277 0.0070000002160668373 -9999 -9999 -9999 -9999 -9999 -9999 -9999 -9999 999 999 999 999 999 999 999 999 999 999 999 999 57644.3984375 31.078212738037109 26.342624664306641 19.361995697021484 81.236831665039062 griz 0 57644.3984375 0 0.92379653453826904 0.024821065366268158 0.36447149515151978 0.039139155298471451 1.5180000066757202 0 42.055992126464844 0.049700792878866196 0.00041774261626414955 0.00042421079706400633 -0.0012658516643568873 40 63.850189208984375 0.0096555417403578758 -9
