# VERSION_PHOTOMETRY:  RSR_A 
# SNANA_VERSION: 886408a4-output17g 
# PROGRAM:       snlc_fit.exe 
# TABLE_NAME:    FITRES 
# 
VARNAMES:  CID IDSURVEY TYPE FIELD CUTFLAG_SNANA ERRFLAG_FIT RA DEC zHEL zHELERR zCMB zCMBERR zHD zHDERR VPEC VPECERR LENSDMU LENSDMUERR MWEBV HOST_LOGMASS HOST_LOGMASS_ERR HOST_LOGMASS_ZPHOT HOST_LOGMASS_ZPHOTERR HOST_LOGSFR HOST_LOGSFR_ERR HOST_LOGsSFR HOST_LOGsSFR_ERR HOST_COLOR HOST_COLOR_ERR HOST_MAG_g HOST_MAG_r HOST_MAG_i HOST_MAG_z HOST_MAG_J HOST_MAG_H HOST_MAGERR_g HOST_MAGERR_r HOST_MAGERR_i HOST_MAGERR_z HOST_MAGERR_J HOST_MAGERR_H PKMJDINI SNRMAX1 SNRMAX2 SNRMAX3 SNRSUM BANDLIST OPT_PHOTOZ PKMJD PKMJDERR STRETCH STRETCHERR AV AVERR RV RVERR DLMAG DLMAGERR COV_STRETCH_AV COV_STRETCH_DLMAG COV_AV_DLMAG NDOF FITCHI2 FITPROB RADIUS_POP 
#
SN: DES16C1cim 10 0 VOID 3 0 54.876510000000003 -26.649180000000001 0.53100001811981201 9.9999997473787516e-06 0.53100001811981201 9.9999997473787516e-06 0.53070878982543945 0.001276723574846983 57.043231964111328 250 0 0 0.011699999682605267 8.3920001983642578 0.043999999761581421 -9999 -9999 0 0 0 0 0 0 0 0 0 0 0 0 0 0 0 0 0 0 57686.5 13.166896820068359 8.6257553100585938 8.1694469451904297 38.833156585693359 griz 0 57686.5 0 1.1892316341400146 0.00060974585358053446 -0.055741071701049805 0.070110626518726349 1.5180000066757202 0 42.756561279296875 0.10840538144111633 -9.2644564574584365e-05 0.0001248881162609905 -0.0074433423578739166 62 56.719680786132812 0.66567814350128174 -9
SN: DES16C3cmy 10 0 VOID 3 0 51.805999999999997 -27.489090000000001 0.55640000104904175 9.9999997473787516e-06 0.55640000104904175 9.9999997473787516e-06 0.55604803562164307 0.00129790382925421 67.83966064453125 250 0 0 0.008500000461935997 10.706000328063965 0.041999999433755875 -9999 -9999 -9999 -9999 -9999 -9999 -9999 -9999 999 999 999 999 999 999 999 999 999 999 999 999 57695.5 45.526222229003906 36.270870208740234 32.427448272705078 121.9920654296875 griz 0 57695.5 0 1.0710391998291016 0.027508553117513657 -0.016016440466046333 0.027763782069087029 1.5180000066757202 0 42.361740112304688 0.049863796681165695 -0.00030572910327464342 0.00090202025603502989 -0.0012859043199568987 50 63.133029937744141 0.10051320493221283 -9
SN: DES16E1dcx 10 0 VOID 3 0 8.9685000000000006 -43.35812 0.45300000905990601 9.9999997473787516e-06 0.45300000905990601 9.9999997473787516e-06 0.45251798629760742 0.0012116823345422745 99.48101806640625 250 0 0 0.0063000000081956387 10.770000457763672 0.11500000208616257 -9999 -9999 -9999 -9999 -9999 -9999 -9999 -9999 999 999 999 999 999 999 999 999 999 999 999 999 57707 18.344692230224609 13.122199058532715 10.480044364929199 69.946052551269531 griz 0 57707 0 1.2399944067001343 0.0012266832636669278 0.272175133228302 0.038622356951236725 1.5180000066757202 0 41.994327545166016 0.050571482628583908 -1.4732120234839385e-06 1.5157110055952216e-06 -0.0018520128214731812 88 160.83442687988281 3.5032737741858e-06 -9
SN: DES16E2clk 10 0 VOID 3 0 9.2036499999999997 -44.139850000000003 0.36700001358985901 9.9999997473787516e-06 0.36700001358985901 9.9999997473787516e-06 0.36663913726806641 0.0011399704962968826 79.150077819824219 250 0 0 0.0071000000461935997 8.9060001373291016 0.081000000238418579 -9999 -9999 -9999 -9999 -9999 -9999 -9999 -9999 999 999 999 999 999 999 999 999 999 999 999 999 57693.69921875 34.939640045166016 32.631057739257812 25.007539749145508 81.132415771484375 griz 0 57693.69921875 0 0.99076873064041138 0.00028930781991221011 0.13239330053329468 0.027904555201530457 1.5180000066757202 0 41.59912109375 0.041627146303653717 -3.8681541809637565e-06 1.7238948203157634e-05 -0.0011010649614036083 45 31.554042816162109 0.93542569875717163 -9
SN: DES16E2cqq 10 0 VOID 3 0 9.9586500000000004 -43.564830000000001 0.42599999904632568 9.9999997473787516e-06 0.42599999904632568 9.9999997473787516e-06 0.4255605936050415 0.0011891680769622326 92.419288635253906 250 0 0 0.0051000001840293407 9.2510004043579102 0.1080000028014183 -9999 -9999 -9999 -9999 -9999 -9999 -9999 -9999 999 999 999 999 999 999 999 999 999 999 999 999 57695.30078125 26.568628311157227 16.04005241394043 12.176429748535156 50.519035339355469 griz 0 57695.30078125 0 0.88737583160400391 0.030005408450961113 0.21220088005065918 0.053693007677793503 1.5180000066757202 0 41.848251342773438 0.073399163782596588 0.00065022136550396681 0.00075169111369177699 -0.00266253761947155 45 55.06170654296875 0.14466026425361633 -9
SN: DES16S1agd 10 0 VOID 3 0 43.083590000000001 -0.91119000000000006 0.50400000810623169 9.9999997473787516e-06 0.50400000810623169 9.9999997473787516e-06 0.50347554683685303 0.0012542093172669411 104.578857421875 250 0 0 0.055900000035762787 9.7469997406005859 0.26199999451637268 -9999 -9999 -9999 -9999 -9999 -9999 -9999 -9999 999 999 999 999 999 999 999 999 999 999 999 999 57644.3984375 12.892724990844727 10.289262771606445 9.0856809616088867 37.936531066894531 griz 0 57644.3984375 0 1.1430701017379761 0.0017259430605918169 0.1282375305891037 0.076881073415279388 1.5180000066757202 0 42.158863067626953 0.10054279863834381 -5.017473449697718e-05 6.6520566178951412e-05 -0.0073897666297852993 50 59.383045196533203 0.1707899272441864 -9
SN: DES16S1bno 10 0 VOID 3 0 42.515929999999997 -0.021590000000000002 0.4699999988079071 9.9999997473787516e-06 0.4699999988079071 9.9999997473787516e-06 0.46951377391815186 0.0012258581118658185 99.203704833984375 250 0 0 0.051899999380111694 8.5399999618530273 0.0099999997764825821 -9999 -9999 -9999 -9999 -9999 -9999 -9999 -9999 999 999 999 999 999 999 999 999 999 999 999 999 57663.3984375 15.057110786437988 13.767572402954102 9.7788867950439453 41.480075836181641 griz 0 57663.3984375 0 0.84769523143768311 0.0038776893634349108 0.049060650169849396 0.063094504177570343 1.5180000066757202 0 42.129737854003906 0.088251680135726929 1.1904270650120452e-05 1.2596328815561719e-05 -0.0051720738410949707 58 39.432025909423828 0.97053360939025879 -9
SN: DES16S2afz 10 0 VOID 3 0 41.601370000000003 -1.22529 0.4830000102519989 9.9999997473787516e-06 0.4830000102519989 9.9999997473787516e-06 0.48248660564422607 0.0012366982409730554 103.82099914550781 250 0 0 0.029699999839067459 9.550999641418457 0.25 -9999 -9999 -9999 -9999 -9999 -9999 -9999 -9999 999 999 999 999 999 999 999 999 999 999 999 999 57648 19.827890396118164 19.591146469116211 15.600469589233398 56.088371276855469 griz 0 57648 0 1.1892330646514893 0.0014072568155825138 0.066693909466266632 0.051214031875133514 1.5180000066757202 0 41.994407653808594 0.067889146506786346 -0.00018108171934727579 0.00023373667499981821 -0.0034684133715927601 48 36.247417449951172 0.89337831735610962 -9
SN: DES16X3cry 10 0 VOID 3 0 36.043950000000002 -3.8311099999999998 0.6119999885559082 9.9999997473787516e-06 0.6119999885559082 9.9999997473787516e-06 0.61120843887329102 0.0013442666968330741 147.28007507324219 250 0 0 0.025200000032782555 8.9379997253417969 0.23199999332427979 -9999 -9999 -9999 -9999 -9999 -9999 -9999 -9999 999 999 999 999 999 999 999 999 999 999 999 999 57700.69921875 26.494970321655273 22.626251220703125 16.195823669433594 74.603851318359375 griz 0 57700.69921875 0 1.0969201326370239 0.00084161502309143543 0.035534031689167023 0.039328694343566895 1.5180000066757202 0 42.746551513671875 0.060172278434038162 -1.4850937986921053e-05 3.2551091862842441e-05 -0.002298946725204587 40 44.186477661132812 0.29921504855155945 -9
SN: DES16X3zd 10 0 VOID 3 0 36.73527 -4.4193899999999999 0.49500000476837158 9.9999997473787516e-06 0.49500000476837158 9.9999997473787516e-06 0.49441659450531006 0.0012467044871300459 117.03221130371094 250 0 0 0.023499999195337296 10.053000450134277 0.0070000002160668373 -9999 -9999 -9999 -9999 -9999 -9999 -9999 -9999 999 999 999 999 999 999 999 999 999 999 999 999 57644.3984375 31.078212738037109 26.342624664306641 19.361995697021484 81.236831665039062 griz 0 57644.3984375 0 0.92379570007324219 0.024821093305945396 0.36446800827980042 0.039139196276664734 1.5180000066757202 0 42.055992126464844 0.049700833857059479 0.00041774200508370996 0.00042421164107508957 -0.0012658565538004041 40 63.849918365478516 0.0096561172977089882 -9
