# VERSION_PHOTOMETRY:  RSR_H 
# SNANA_VERSION: 886408a4-output17g 
# PROGRAM:       snlc_fit.exe 
# TABLE_NAME:    FITRES 
# 
VARNAMES:  CID IDSURVEY TYPE FIELD CUTFLAG_SNANA ERRFLAG_FIT RA DEC zHEL zHELERR zCMB zCMBERR zHD zHDERR VPEC VPECERR LENSDMU LENSDMUERR MWEBV HOST_LOGMASS HOST_LOGMASS_ERR HOST_LOGMASS_ZPHOT HOST_LOGMASS_ZPHOTERR HOST_LOGSFR HOST_LOGSFR_ERR HOST_LOGsSFR HOST_LOGsSFR_ERR HOST_COLOR HOST_COLOR_ERR HOST_MAG_g HOST_MAG_r HOST_MAG_i HOST_MAG_z HOST_MAG_J HOST_MAG_H HOST_MAGERR_g HOST_MAGERR_r HOST_MAGERR_i HOST_MAGERR_z HOST_MAGERR_J HOST_MAGERR_H PKMJDINI SNRMAX1 SNRMAX2 SNRMAX3 SNRSUM BANDLIST OPT_PHOTOZ PKMJD PKMJDERR STRETCH STRETCHERR AV AVERR RV RVERR DLMAG DLMAGERR COV_STRETCH_AV COV_STRETCH_DLMAG COV_AV_DLMAG NDOF FITCHI2 FITPROB RADIUS_POP 
#
SN: DES16C1cim 10 0 VOID 3 0 54.876510000000003 -26.649180000000001 0.53100001811981201 9.9999997473787516e-06 0.53100001811981201 9.9999997473787516e-06 0.53070878982543945 0.001276723574846983 57.043231964111328 250 0 0 0.011699999682605267 8.3920001983642578 0.043999999761581421 -9999 -9999 0 0 0 0 0 0 0 0 0 0 0 0 0 0 0 0 0 0 57686.5 13.16460132598877 8.6230783462524414 8.1672391891479492 39.020034790039062 griz 0 57685.37109375 0.66419494152069092 1.1892306804656982 0.00037972084828652442 -0.072404250502586365 0.070561617612838745 1.5180000066757202 0 42.769905090332031 0.10828433930873871 -1.6446510642253998e-07 1.97515404920523e-07 -0.0072770449332892895 70 92.966659545898438 0.034613858908414841 -9
SN: DES16C3cmy 10 0 VOID 3 0 51.805999999999997 -27.489090000000001 0.55640000104904175 9.9999997473787516e-06 0.55640000104904175 9.9999997473787516e-06 0.55604803562164307 0.00129790382925421 67.83966064453125 250 0 0 0.008500000461935997 10.706000328063965 0.041999999433755875 -9999 -9999 -9999 -9999 -9999 -9999 -9999 -9999 999 999 999 999 999 999 999 999 999 999 999 999 57695.5 45.518421173095703 36.264877319335938 32.421768188476562 116.55279541015625 griz 0 57695.83984375 0.027402952313423157 1.0553991794586182 0.0015842351131141186 0.019948858767747879 0.026811100542545319 1.5180000066757202 0 42.311923980712891 0.039067819714546204 -9.7959014055959415e-07 3.2516566079721088e-06 -0.0010094494791701436 47 56.893268585205078 0.15287092328071594 -9
SN: DES16E1dcx 10 0 VOID 3 0 8.9685000000000006 -43.35812 0.45300000905990601 9.9999997473787516e-06 0.45300000905990601 9.9999997473787516e-06 0.45251798629760742 0.0012116823345422745 99.48101806640625 250 0 0 0.0063000000081956387 10.770000457763672 0.11500000208616257 -9999 -9999 -9999 -9999 -9999 -9999 -9999 -9999 999 999 999 999 999 999 999 999 999 999 999 999 57707 18.340513229370117 13.11883544921875 10.477818489074707 69.928726196289062 griz 0 57704.8125 0.78079384565353394 1.2954021692276001 0.0036238871980458498 0.17060735821723938 0.042732048779726028 1.5180000066757202 0 42.054225921630859 0.051212135702371597 -1.8564824131317437e-05 1.3102370758133475e-05 -0.001954623032361269 88 155.15145874023438 1.3290439710544888e-05 -9
SN: DES16E2clk 10 0 VOID 3 0 9.2036499999999997 -44.139850000000003 0.36700001358985901 9.9999997473787516e-06 0.36700001358985901 9.9999997473787516e-06 0.36663913726806641 0.0011399704962968826 79.150077819824219 250 0 0 0.0071000000461935997 8.9060001373291016 0.081000000238418579 -9999 -9999 -9999 -9999 -9999 -9999 -9999 -9999 999 999 999 999 999 999 999 999 999 999 999 999 57693.69921875 34.930034637451172 32.621463775634766 25.001775741577148 81.112503051757812 griz 0 57693.25390625 0.39821130037307739 1.0017837285995483 0.026026150211691856 0.13355766236782074 0.028334183618426323 1.5180000066757202 0 41.603549957275391 0.052792515605688095 -0.00011062200792366639 0.00081844365922734141 -0.0012466625776141882 44 30.374591827392578 0.94108843803405762 -9
SN: DES16E2cqq 10 0 VOID 3 0 9.9586500000000004 -43.564830000000001 0.42599999904632568 9.9999997473787516e-06 0.42599999904632568 9.9999997473787516e-06 0.4255605936050415 0.0011891680769622326 92.419288635253906 250 0 0 0.0051000001840293407 9.2510004043579102 0.1080000028014183 -9999 -9999 -9999 -9999 -9999 -9999 -9999 -9999 999 999 999 999 999 999 999 999 999 999 999 999 57695.30078125 26.561595916748047 16.035844802856445 12.175100326538086 50.506572723388672 griz 0 57694.9296875 0.63587373495101929 0.89723491668701172 0.035113517194986343 0.22044354677200317 0.053982608020305634 1.5180000066757202 0 41.849918365478516 0.075138196349143982 0.00077539245830848813 0.00097554695094004273 -0.0026268656365573406 44 54.675411224365234 0.12988275289535522 -9
SN: DES16S1agd 10 0 VOID 3 0 43.083590000000001 -0.91119000000000006 0.50400000810623169 9.9999997473787516e-06 0.50400000810623169 9.9999997473787516e-06 0.50347554683685303 0.0012542093172669411 104.578857421875 250 0 0 0.055900000035762787 9.7469997406005859 0.26199999451637268 -9999 -9999 -9999 -9999 -9999 -9999 -9999 -9999 999 999 999 999 999 999 999 999 999 999 999 999 57644.3984375 12.889439582824707 10.286842346191406 9.0831403732299805 38.044460296630859 griz 0 57644.8046875 0.048888318240642548 1.0507687330245972 0.00050455826567485929 0.20547927916049957 0.076534487307071686 1.5180000066757202 0 42.028472900390625 0.099871829152107239 -6.2928378952165076e-08 3.1153302870734478e-07 -0.0071825636550784111 54 77.582351684570312 0.019417814910411835 -9
SN: DES16S1bno 10 0 VOID 3 0 42.515929999999997 -0.021590000000000002 0.4699999988079071 9.9999997473787516e-06 0.4699999988079071 9.9999997473787516e-06 0.46951377391815186 0.0012258581118658185 99.203704833984375 250 0 0 0.051899999380111694 8.5399999618530273 0.0099999997764825821 -9999 -9999 -9999 -9999 -9999 -9999 -9999 -9999 999 999 999 999 999 999 999 999 999 999 999 999 57663.3984375 15.052609443664551 13.764578819274902 9.7757539749145508 41.547657012939453 griz 0 57663.1640625 0.59915351867675781 0.84024083614349365 0.050365004688501358 0.047079410403966904 0.074146196246147156 1.5180000066757202 0 42.118717193603516 0.098640836775302887 0.0019537471234798431 0.0022316337563097477 -0.0034636498894542456 63 51.439552307128906 0.85088294744491577 -9
SN: DES16S2afz 10 0 VOID 3 0 41.601370000000003 -1.22529 0.4830000102519989 9.9999997473787516e-06 0.4830000102519989 9.9999997473787516e-06 0.48248660564422607 0.0012366982409730554 103.82099914550781 250 0 0 0.029699999839067459 9.550999641418457 0.25 -9999 -9999 -9999 -9999 -9999 -9999 -9999 -9999 999 999 999 999 999 999 999 999 999 999 999 999 57648 19.823217391967773 19.586887359619141 15.597654342651367 56.117225646972656 griz 0 57649.19140625 0.028815498575568199 1.0476968288421631 0.057338587939739227 0.17855952680110931 0.051152884960174561 1.5180000066757202 0 41.847412109375 0.085756540298461914 -0.00028194807237014174 0.0030334542971104383 -0.0035110069438815117 49 42.943584442138672 0.71595245599746704 -9
SN: DES16X3cry 10 0 VOID 3 0 36.043950000000002 -3.8311099999999998 0.6119999885559082 9.9999997473787516e-06 0.6119999885559082 9.9999997473787516e-06 0.61120843887329102 0.0013442666968330741 147.28007507324219 250 0 0 0.025200000032782555 8.9379997253417969 0.23199999332427979 -9999 -9999 -9999 -9999 -9999 -9999 -9999 -9999 999 999 999 999 999 999 999 999 999 999 999 999 57700.69921875 26.489299774169922 22.617687225341797 16.1917724609375 74.618637084960938 griz 0 57700.6171875 0.43896383047103882 1.0969175100326538 0.0011857264908030629 0.036494679749011993 0.039397507905960083 1.5180000066757202 0 42.744308471679688 0.060242131352424622 -8.0782541544976993e-07 1.5438229183928343e-06 -0.0022681853733956814 43 51.235137939453125 0.18198859691619873 -9
SN: DES16X3zd 10 0 VOID 3 0 36.73527 -4.4193899999999999 0.49500000476837158 9.9999997473787516e-06 0.49500000476837158 9.9999997473787516e-06 0.49441659450531006 0.0012467044871300459 117.03221130371094 250 0 0 0.023499999195337296 10.053000450134277 0.0070000002160668373 -9999 -9999 -9999 -9999 -9999 -9999 -9999 -9999 999 999 999 999 999 999 999 999 999 999 999 999 57644.3984375 31.075656890869141 26.341541290283203 19.357843399047852 81.255134582519531 griz 0 57644.8828125 0.36302700638771057 0.89304018020629883 0.029604099690914154 0.34399557113647461 0.045141905546188354 1.5180000066757202 0 42.036182403564453 0.048698205500841141 0.00083220290252938867 0.00040851859375834465 -0.0011645520571619272 44 74.55316162109375 0.0027263914234936237 -9
