# VERSION_PHOTOMETRY:  RSR_A 
# SNANA_VERSION: 886408a4-output17g 
# PROGRAM:       snlc_fit.exe 
# TABLE_NAME:    FITRES 
# 
VARNAMES:  CID IDSURVEY TYPE FIELD CUTFLAG_SNANA ERRFLAG_FIT RA DEC zHEL zHELERR zCMB zCMBERR zHD zHDERR VPEC VPECERR LENSDMU LENSDMUERR MWEBV HOST_LOGMASS HOST_LOGMASS_ERR HOST_LOGMASS_ZPHOT HOST_LOGMASS_ZPHOTERR HOST_LOGSFR HOST_LOGSFR_ERR HOST_LOGsSFR HOST_LOGsSFR_ERR HOST_COLOR HOST_COLOR_ERR HOST_MAG_g HOST_MAG_r HOST_MAG_i HOST_MAG_z HOST_MAG_J HOST_MAG_H HOST_MAGERR_g HOST_MAGERR_r HOST_MAGERR_i HOST_MAGERR_z HOST_MAGERR_J HOST_MAGERR_H PKMJDINI SNRMAX1 SNRMAX2 SNRMAX3 SNRSUM BANDLIST OPT_PHOTOZ PKMJD PKMJDERR STRETCH STRETCHERR AV AVERR RV RVERR DLMAG DLMAGERR COV_STRETCH_AV COV_STRETCH_DLMAG COV_AV_DLMAG NDOF FITCHI2 FITPROB RADIUS_POP 
#
SN: DES16C1cim 10 0 VOID 3 0 54.876510000000003 -26.649180000000001 0.53100001811981201 9.9999997473787516e-06 0.53100001811981201 9.9999997473787516e-06 0.53070878982543945 0.001276723574846983 57.043231964111328 250 0 0 0.011699999682605267 8.3920001983642578 0.043999999761581421 -9999 -9999 0 0 0 0 0 0 0 0 0 0 0 0 0 0 0 0 0 0 57686.5 13.166896820068359 8.6257553100585938 8.1694469451904297 38.833156585693359 griz 0 57685.57421875 1.2365754842758179 1.2076947689056396 0.001568265724927187 -0.087446436285972595 0.07210676372051239 1.5180000066757202 0 42.780601501464844 0.10862889140844345 -3.5271373235445935e-06 3.593417432057322e-06 -0.007300832774490118 61 56.182891845703125 0.65075159072875977 -9
SN: DES16C3cmy 10 0 VOID 3 0 51.805999999999997 -27.489090000000001 0.55640000104904175 9.9999997473787516e-06 0.55640000104904175 9.9999997473787516e-06 0.55604803562164307 0.00129790382925421 67.83966064453125 250 0 0 0.008500000461935997 10.706000328063965 0.041999999433755875 -9999 -9999 -9999 -9999 -9999 -9999 -9999 -9999 999 999 999 999 999 999 999 999 999 999 999 999 57695.5 45.526222229003906 36.270870208740234 32.427448272705078 121.9920654296875 griz 0 57695.21875 0.28864914178848267 1.0876924991607666 0.00028673297492787242 -0.024616803973913193 0.025451730936765671 1.5180000066757202 0 42.378360748291016 0.03770679235458374 -5.387988366578611e-08 1.0006210970914253e-07 -0.00091761874500662088 49 62.308494567871094 0.09596087783575058 -9
SN: DES16E1dcx 10 0 VOID 3 0 8.9685000000000006 -43.35812 0.45300000905990601 9.9999997473787516e-06 0.45300000905990601 9.9999997473787516e-06 0.45251798629760742 0.0012116823345422745 99.48101806640625 250 0 0 0.0063000000081956387 10.770000457763672 0.11500000208616257 -9999 -9999 -9999 -9999 -9999 -9999 -9999 -9999 999 999 999 999 999 999 999 999 999 999 999 999 57707 18.344692230224609 13.122199058532715 10.480044364929199 69.946052551269531 griz 0 57704.81640625 0.78770214319229126 1.2953845262527466 0.00051179504953324795 0.17052207887172699 0.042547408491373062 1.5180000066757202 0 42.054355621337891 0.051144447177648544 -3.7268361552378337e-07 2.6291940002920455e-07 -0.0019425329519435763 87 155.22026062011719 9.6377116278745234e-06 -9
SN: DES16E2clk 10 0 VOID 3 0 9.2036499999999997 -44.139850000000003 0.36700001358985901 9.9999997473787516e-06 0.36700001358985901 9.9999997473787516e-06 0.36663913726806641 0.0011399704962968826 79.150077819824219 250 0 0 0.0071000000461935997 8.9060001373291016 0.081000000238418579 -9999 -9999 -9999 -9999 -9999 -9999 -9999 -9999 999 999 999 999 999 999 999 999 999 999 999 999 57693.69921875 34.939640045166016 32.631057739257812 25.007539749145508 81.132415771484375 griz 0 57693.203125 0.4257030189037323 1.0084769725799561 0.030273621901869774 0.13254544138908386 0.028265085071325302 1.5180000066757202 0 41.611522674560547 0.054827157407999039 -0.00011269251990597695 0.0010508554987609386 -0.0012435866519808769 44 30.380886077880859 0.940987229347229 -9
SN: DES16E2cqq 10 0 VOID 3 0 9.9586500000000004 -43.564830000000001 0.42599999904632568 9.9999997473787516e-06 0.42599999904632568 9.9999997473787516e-06 0.4255605936050415 0.0011891680769622326 92.419288635253906 250 0 0 0.0051000001840293407 9.2510004043579102 0.1080000028014183 -9999 -9999 -9999 -9999 -9999 -9999 -9999 -9999 999 999 999 999 999 999 999 999 999 999 999 999 57695.30078125 26.568628311157227 16.04005241394043 12.176429748535156 50.519035339355469 griz 0 57694.92578125 0.63577884435653687 0.89733248949050903 0.035099256783723831 0.22056424617767334 0.053944367915391922 1.5180000066757202 0 41.849967956542969 0.075111016631126404 0.00077427388168871403 0.00097544939490035176 -0.0026236551348119974 44 54.724025726318359 0.1289374828338623 -9
SN: DES16S1agd 10 0 VOID 3 0 43.083590000000001 -0.91119000000000006 0.50400000810623169 9.9999997473787516e-06 0.50400000810623169 9.9999997473787516e-06 0.50347554683685303 0.0012542093172669411 104.578857421875 250 0 0 0.055900000035762787 9.7469997406005859 0.26199999451637268 -9999 -9999 -9999 -9999 -9999 -9999 -9999 -9999 999 999 999 999 999 999 999 999 999 999 999 999 57644.3984375 12.892724990844727 10.289262771606445 9.0856809616088867 37.936531066894531 griz 0 57644.48828125 0.8924262523651123 1.1430767774581909 0.00027603292255662382 0.12818685173988342 0.076902776956558228 1.5180000066757202 0 42.160366058349609 0.10164599120616913 -6.1844933952670544e-05 8.744497608859092e-05 -0.0073028574697673321 49 59.364540100097656 0.14745575189590454 -9
SN: DES16S1bno 10 0 VOID 3 0 42.515929999999997 -0.021590000000000002 0.4699999988079071 9.9999997473787516e-06 0.4699999988079071 9.9999997473787516e-06 0.46951377391815186 0.0012258581118658185 99.203704833984375 250 0 0 0.051899999380111694 8.5399999618530273 0.0099999997764825821 -9999 -9999 -9999 -9999 -9999 -9999 -9999 -9999 999 999 999 999 999 999 999 999 999 999 999 999 57663.3984375 15.057110786437988 13.767572402954102 9.7788867950439453 41.480075836181641 griz 0 57663.078125 0.60942196846008301 0.8569226861000061 0.00077879591844975948 0.054494623094797134 0.06358645111322403 1.5180000066757202 0 42.137302398681641 0.088318184018135071 3.9921357597449969e-07 5.3643390174329397e-07 -0.0052184299565851688 57 39.272411346435547 0.96471995115280151 -9
SN: DES16S2afz 10 0 VOID 3 0 41.601370000000003 -1.22529 0.4830000102519989 9.9999997473787516e-06 0.4830000102519989 9.9999997473787516e-06 0.48248660564422607 0.0012366982409730554 103.82099914550781 250 0 0 0.029699999839067459 9.550999641418457 0.25 -9999 -9999 -9999 -9999 -9999 -9999 -9999 -9999 999 999 999 999 999 999 999 999 999 999 999 999 57648 19.827890396118164 19.591146469116211 15.600469589233398 56.088371276855469 griz 0 57648.52734375 0.87805497646331787 1.1892303228378296 0.00051826733397319913 0.078622780740261078 0.054508019238710403 1.5180000066757202 0 41.990726470947266 0.06806163489818573 -2.5298544414908974e-07 2.5966326688831032e-07 -0.0033971571829169989 47 36.0478515625 0.87725752592086792 -9
SN: DES16X3cry 10 0 VOID 3 0 36.043950000000002 -3.8311099999999998 0.6119999885559082 9.9999997473787516e-06 0.6119999885559082 9.9999997473787516e-06 0.61120843887329102 0.0013442666968330741 147.28007507324219 250 0 0 0.025200000032782555 8.9379997253417969 0.23199999332427979 -9999 -9999 -9999 -9999 -9999 -9999 -9999 -9999 999 999 999 999 999 999 999 999 999 999 999 999 57700.69921875 26.494970321655273 22.626251220703125 16.195823669433594 74.603851318359375 griz 0 57700.62109375 0.44552561640739441 1.0969212055206299 0.00080668769078329206 0.035044793039560318 0.039412640035152435 1.5180000066757202 0 42.746288299560547 0.060271944850683212 -3.9048558164722635e-07 7.3117769261443755e-07 -0.0022700524423271418 39 44.163902282714844 0.2625521719455719 -9
SN: DES16X3zd 10 0 VOID 3 0 36.73527 -4.4193899999999999 0.49500000476837158 9.9999997473787516e-06 0.49500000476837158 9.9999997473787516e-06 0.49441659450531006 0.0012467044871300459 117.03221130371094 250 0 0 0.023499999195337296 10.053000450134277 0.0070000002160668373 -9999 -9999 -9999 -9999 -9999 -9999 -9999 -9999 999 999 999 999 999 999 999 999 999 999 999 999 57644.3984375 31.078212738037109 26.342624664306641 19.361995697021484 81.236831665039062 griz 0 57644.828125 0.36117434501647949 0.9039229154586792 0.028881292790174484 0.34931769967079163 0.041542768478393555 1.5180000066757202 0 42.046337127685547 0.050006859004497528 0.00063203286845237017 0.00051595340482890606 -0.0011614671675488353 39 62.360366821289062 0.010151157155632973 -9
