# VERSION_PHOTOMETRY:  DES-SN5YR_DES_CONDITIONAL 
# SNANA_VERSION: 886408a4-output17g 
# PROGRAM:       snlc_fit.exe 
# TABLE_NAME:    FITRES 
# 
VARNAMES:  CID IDSURVEY TYPE FIELD CUTFLAG_SNANA ERRFLAG_FIT RA DEC zHEL zHELERR zCMB zCMBERR zHD zHDERR VPEC VPECERR LENSDMU LENSDMUERR MWEBV HOST_NMATCH HOST_NMATCH2 HOST_OBJID HOST_ZPHOT HOST_ZPHOTERR HOST_ZSPEC HOST_ZSPECERR HOST_RA HOST_DEC HOST_ANGSEP HOST_DDLR HOST_CONFUSION HOST_LOGMASS HOST_LOGMASS_ERR HOST_LOGMASS_ZPHOT HOST_LOGMASS_ZPHOTERR HOST_LOGSFR HOST_LOGSFR_ERR HOST_LOGsSFR HOST_LOGsSFR_ERR HOST_COLOR HOST_COLOR_ERR HOST_MAG_g HOST_MAG_r HOST_MAG_i HOST_MAG_z HOST_MAGERR_g HOST_MAGERR_r HOST_MAGERR_i HOST_MAGERR_z HOST_SBFLUXCAL_g HOST_SBFLUXCAL_r HOST_SBFLUXCAL_i HOST_SBFLUXCAL_z HOST_SBMAG_g HOST_SBMAG_r HOST_SBMAG_i HOST_SBMAG_z PKMJDINI SNRMAX1 SNRMAX2 SNRMAX3 SNRSUM BANDLIST OPT_PHOTOZ PKMJD PKMJDERR x1 x1ERR c cERR mB mBERR x0 x0ERR COV_x1_c COV_x1_x0 COV_c_x0 NDOF FITCHI2 FITPROB RADIUS_POP 
#
SN: 1402076 10 0 X3 3 0 36.740184999999997 -4.1449220000000002 0.89762002229690552 0.0010000000474974513 0.89610797166824341 0.0010000000474974513 0.89610791206359863 0.0021447665058076382 0 300 0 0 0.024170031771063805 1 2 49416 -9 -9 0.89759999513626099 0.0010000000474974513 36.740017999999999 -4.1449639999999999 0.61699998378753662 0.62699997425079346 -3.6422049999237061 9.8459997177124023 0.018999999389052391 -9999 -9999 1.784000039100647 0.39399999380111694 -8.0430002212524414 0.40576469898223877 0.10000000149011612 -999 24.090000152587891 23.569999694824219 22.930000305175781 22.629999160766602 0.0099999997764825821 0.0099999997764825821 0.0099999997764825821 0.0099999997764825821 5.869999885559082 9.7200002670288086 16.350000381469727 20.209999084472656 25.578405380249023 25.030834197998047 24.466205596923828 24.236083984375 57664.1953125 11.377490043640137 8.3889074325561523 -99 28.351709365844727 iz 0 57654.4609375 1.108555793762207 0.92059415578842163 0.75350689888000488 -0.033749613910913467 0.12007375061511993 24.382696151733398 0.058756299316883087 3.1689942261436954e-06 1.7149504571989382e-07 0.0079736486077308655 -8.4927734178563696e-08 -5.4347979450142248e-09 29 19.586177825927734 0.90532433986663818 0.32683619856834412
SN: 1318661 10 0 C2 3 0 55.129458999999997 -28.489934999999999 0.34498000144958496 0.0010000000474974513 0.34451198577880859 0.0010000000474974513 0.34451198577880859 0.0016763427993282676 0 300 0 0 0.0096284095197916031 1 1 24335 -9 -9 0.3449999988079071 0.0010000000474974513 55.129572000000003 -28.489968000000001 0.37599998712539673 0.25999999046325684 -9 10.793000221252441 0.023000000044703484 -9999 -9999 0.61599999666213989 10.616000175476074 -10.196999549865723 10.61635684967041 1.4939999580383301 -999 22.190000534057617 20.600000381469727 20.010000228881836 19.649999618530273 0 0 0 0 33.259998321533203 147.94000244140625 245.1300048828125 325.23001098632812 23.695194244384766 22.074785232543945 21.526508331298828 21.219524383544922 57004.04296875 20.596376419067383 16.58726692199707 10.986871719360352 39.281082153320312 griz 0 57007.19140625 0.77562153339385986 -2.4324278831481934 0.56044793128967285 0.017764033749699593 0.038211062550544739 22.440818786621094 0.060429297387599945 1.8952745449496433e-05 1.0548612863203743e-06 0.0042224288918077946 -1.7597405133074062e-07 -1.8784453104103704e-08 50 58.039295196533203 0.20316688716411591 0.81296861171722412
SN: 1291408 10 0 E2 3 0 9.8667960000000008 -43.877440999999997 0.34817999601364136 0.0010000000474974513 0.34721300005912781 0.0010000000474974513 0.3472130298614502 0.0016785128973424435 0 300 0 0 0.0054132300429046154 1 1 29357 -9 -9 0.3481999933719635 0.0010000000474974513 9.8673330000000004 -43.877473000000002 1.3990000486373901 0.8410000205039978 -9 11.206999778747559 0.10899999737739563 -9999 -9999 0.36899998784065247 0.046999998390674591 -10.968000411987305 0.081024684011936188 1.4249999523162842 -999 21.379999160766602 19.729999542236328 19.090000152587891 18.889999389648438 0 0 0 0 37.090000152587891 135.08000183105469 256.6300048828125 270.95001220703125 23.576858520507812 22.17352294921875 21.476730346679688 21.417778015136719 56887.21484375 51.377655029296875 48.278900146484375 35.415657043457031 94.07098388671875 griz 0 56883.9453125 1.4334206581115723 -1.1678208112716675 0.41553109884262085 -0.12938843667507172 0.031504373997449875 21.635225296020508 0.056029073894023895 3.9802449464332312e-05 2.0539928300422616e-06 0.0011911821784451604 -8.7500445999921794e-08 -1.4003298076659121e-08 31 44.563606262207031 0.054483387619256973 0.5809897780418396
SN: 1776304 10 0 S2 3 0 40.803798999999998 -1.5081329999999999 0.45517000555992126 0.0010000000474974513 0.4540959894657135 0.0010000000474974513 0.45409595966339111 0.0017655642004683614 0 300 0 0 0.02616521529853344 2 3 120055 -9 -9 0.45519998669624329 0.0010000000474974513 40.803789999999999 -1.508157 0.093000002205371857 0.1120000034570694 -5.1093778610229492 9.4989995956420898 0.018999999389052391 -9999 -9999 1.1339999437332153 0.36700001358985901 -8.3470001220703125 0.3697485625743866 0.12999999523162842 -999 23.129999160766602 22.270000457763672 22.069999694824219 21.870000839233398 0.0099999997764825821 0.0099999997764825821 0.0099999997764825821 0.0099999997764825821 13.289999961853027 29.260000228881836 36.389999389648438 43.759998321533203 24.691186904907227 23.834314346313477 23.597545623779297 23.397306442260742 57986.3046875 20.247137069702148 15.137086868286133 7.800966739654541 37.314140319824219 riz 0 57987.1796875 1.5399188995361328 -0.92082691192626953 0.65795242786407471 -0.026544131338596344 0.056734573096036911 22.459083557128906 0.061559725552797318 1.8636590539244935e-05 1.0566686796664726e-06 0.0017378984484821558 -2.0223529872964718e-07 -4.2194294280761824e-08 28 18.251081466674805 0.91964799165725708 0.31944072246551514
SN: 1280780 10 0 C3 3 0 53.071171 -28.840306999999999 0.68462997674942017 0.0010000000474974513 0.68398797512054443 0.0010000000474974513 0.68398797512054443 0.0019594896584749222 0 300 0 0 0.0072143278084695339 1 1 5916 -9 -9 0.68459999561309814 0.0010000000474974513 53.071215000000002 -28.840326999999998 0.15700000524520874 0.22300000488758087 -9 10.177000045776367 0.020999999716877937 -9999 -9999 -0.85900002717971802 9.1409997940063477 -11.067999839782715 9.141514778137207 1.2910000085830688 -999 25.530000686645508 23.780000686645508 22.760000228881836 22.319999694824219 0.039999999105930328 0.0099999997764825821 0.0099999997764825821 0.0099999997764825821 1.440000057220459 6.9899997711181641 18.260000228881836 25.680000305175781 27.104093551635742 25.38880729675293 24.346248626708984 23.97601318359375 57253.28515625 23.051704406738281 16.032745361328125 12.902774810791016 44.165760040283203 riz 0 57248.56640625 0.32920664548873901 -0.17629207670688629 0.97670996189117432 -0.0029911322053521872 0.043167479336261749 23.578409194946289 0.10205897688865662 6.6471620812080801e-06 6.2483184137818171e-07 -0.0003363252617418766 -6.2224223995599459e-08 -1.6284218418149976e-09 29 32.583473205566406 0.29485532641410828 0.059603862464427948
SN: 1292145 10 1 C2 3 0 53.630530999999998 -29.648947 0.49300000071525574 0.0010000000474974513 0.49245300889015198 0.0010000000474974513 0.49245297908782959 0.0017973282374441624 0 300 0 0 0.01011594757437706 3 4 3169 -9 -9 0.49300000071525574 0.0010000000474974513 53.630564 -29.648983999999999 0.17000000178813934 0.2800000011920929 -3.6163489818572998 9.1610002517700195 0.078000001609325409 -9999 -9999 0.45300000905990601 0.94099998474121094 -8.6899995803833008 0.95450562238693237 0.460999995470047 -999 24.860000610351562 23.790000915527344 23.389999389648438 23.030000686645508 0.039999999105930328 0.019999999552965164 0.019999999552965164 0.019999999552965164 2.7100000381469727 7.2100000381469727 10.079999923706055 14.029999732971191 26.417575836181641 25.355161666870117 24.991348266601562 24.632356643676758 57276.35546875 12.334610939025879 9.9685573577880859 7.8975992202758789 29.724834442138672 riz 0 57274.22265625 0.95590555667877197 1.3061468601226807 0.70215344429016113 0.14131464064121246 0.063969187438488007 23.292507171630859 0.068363890051841736 8.6496193034690805e-06 5.446273689813097e-07 0.00017857593775261194 -1.4740255949163839e-07 -2.3194255405201147e-08 43 36.991565704345703 0.7283971905708313 0.64143949747085571
SN: 1289366 10 0 E1+E2 3 0 8.236758 -43.743782000000003 0.37869000434875488 0.0010000000474974513 0.37768599390983582 0.0010000000474974513 0.3776860237121582 0.0017031007446348667 0 300 0 0 0.0052828565239906311 1 1 7549 -9 -9 0.37869998812675476 0.0010000000474974513 8.2371350000000003 -43.743867000000002 1.0279999971389771 1.031000018119812 -9 11.126999855041504 0.026000000536441803 -9999 -9999 1.187000036239624 0.34700000286102295 -10.020000457763672 0.36030265688896179 1.4210000038146973 -999 22.610000610351562 20.790000915527344 20.090000152587891 19.620000839233398 0.0099999997764825821 0 0 0 15.729999542236328 97.519996643066406 182.21000671386719 221.25 24.5081787109375 22.527265548706055 21.848569869995117 21.637792587280273 57273.3203125 10.133966445922852 9.0455408096313477 7.5378351211547852 26.239828109741211 griz 0 57266.9921875 0.67703789472579956 -2.6529552936553955 0.92189836502075195 0.2320992648601532 0.083994284272193909 23.54243278503418 0.11670046299695969 6.8711060521309264e-06 7.3854153015417978e-07 0.047166284173727036 -5.1344966323085828e-07 -5.7980919621059002e-08 108 135.72096252441406 0.036740999668836594 1.1749788522720337
SN: 1280792 10 0 C3 3 0 52.292923000000002 -28.016565 0.68123000860214233 0.0010000000474974513 0.68055802583694458 0.0010000000474974513 0.6805579662322998 0.0019565389957278967 0 300 0 0 0.0074103563092648983 1 1 6261 -9 -9 0.68120002746582031 0.0010000000474974513 52.292985999999999 -28.016584999999999 0.21199999749660492 0.27500000596046448 -9 10.60099983215332 0.019999999552965164 -9999 -9999 -4.0019998550415039 5.9980001449584961 -14.625 5.998420238494873 1.5290000438690186 -999 25.030000686645508 23.149999618530273 22.079999923706055 21.559999465942383 0.029999999329447746 0.0099999997764825821 0 0 2.4200000762939453 12.659999847412109 35.020000457763672 51.689998626708984 26.540462493896484 24.743915557861328 23.639209747314453 23.216484069824219 57253.28515625 20.982982635498047 13.030402183532715 12.260181427001953 35.015140533447266 riz 0 57249.9921875 1.8021529912948608 -2.676217794418335 0.54882323741912842 0.020860560238361359 0.0626869797706604 23.750558853149414 0.06288793683052063 5.6725248214206658e-06 3.2856360121513717e-07 0.00025750818895176053 -4.6395236097396264e-08 -3.5841114520707151e-09 30 34.90765380859375 0.24601610004901886 0.8947785496711731
SN: 1263244 10 0 E2 3 0 10.094374999999999 -44.421852000000001 0.4590199887752533 0.0010000000474974513 0.45798799395561218 0.0010000000474974513 0.45798802375793457 0.0017687754007056355 0 300 0 0 0.0061630415730178356 2 6 9039 -9 -9 0.45899999141693115 0.0010000000474974513 10.094522 -44.422007999999998 0.67699998617172241 0.72100001573562622 -2.2661657333374023 10.96399974822998 0.026000000536441803 -9999 -9999 -0.93999999761581421 9.0600004196166992 -11.784000396728516 9.0608081817626953 1.4019999504089355 -999 22.690000534057617 20.940000534057617 20.190000534057617 19.870000839233398 0.0099999997764825821 0 0 0 16.850000381469727 95.379997253417969 171.11000061035156 223.1199951171875 24.433500289916992 22.551357269287109 21.916810989379883 21.628654479980469 56649.0546875 20.016033172607422 10.145113945007324 -99 29.736991882324219 ri 0 56649.921875 1.1957548856735229 -2.4695925712585449 0.86256450414657593 -0.20012164115905762 0.11817935109138489 23.069910049438477 0.073491491377353668 1.0617838597681839e-05 7.1870204010338057e-07 0.004356753546744585 -1.6613766717910039e-07 -4.5055962516471482e-08 15 20.175748825073242 0.16529391705989838 1.0595468282699585
SN: 1307748 10 0 C3 3 0 52.049801000000002 -28.052624000000002 0.52588999271392822 0.0010000000474974513 0.52527397871017456 0.0010000000474974513 0.52527403831481934 0.0018247099360451102 0 300 0 0 0.0089296093210577965 1 3 20609 -9 -9 0.52590000629425049 0.0010000000474974513 52.049039 -28.053426999999999 3.7699999809265137 2.4619998931884766 -0.85565447807312012 11.128000259399414 0.010999999940395355 -9999 -9999 1.3480000495910645 0.5350000262260437 -9.8249998092651367 0.53656870126724243 1.2170000076293945 -999 22.329999923706055 20.729999542236328 20.049999237060547 19.569999694824219 0 0 0 0 0.76999998092651367 4.1399998664855957 6.9200000762939453 8.3000001907348633 27.5 25.957498550415039 25.399734497070312 25.202304840087891 56687.15625 70.39923095703125 62.431625366210938 37.066967010498047 142.36248779296875 riz 0 56694.3203125 0.77081269025802612 4.526298999786377 1.1843323707580566 -0.027972579002380371 0.052196692675352097 22.694522857666016 0.055673222988843918 1.5003433873062022e-05 7.6933008585911011e-07 0.019957443699240685 -6.563959686900489e-07 -3.0364777359181971e-08 12 3.6053922176361084 0.9895516037940979 1.511644721031189
