# VERSION_PHOTOMETRY:  DES-SN5YR_DES 
# SNANA_VERSION: 886408a4-output17g 
# PROGRAM:       snlc_fit.exe 
# TABLE_NAME:    FITRES 
# 
VARNAMES:  CID IDSURVEY TYPE FIELD CUTFLAG_SNANA ERRFLAG_FIT RA DEC zHEL zHELERR zCMB zCMBERR zHD zHDERR VPEC VPECERR LENSDMU LENSDMUERR MWEBV HOST_NMATCH HOST_NMATCH2 HOST_OBJID HOST_ZPHOT HOST_ZPHOTERR HOST_ZSPEC HOST_ZSPECERR HOST_RA HOST_DEC HOST_ANGSEP HOST_DDLR HOST_CONFUSION HOST_LOGMASS HOST_LOGMASS_ERR HOST_LOGMASS_ZPHOT HOST_LOGMASS_ZPHOTERR HOST_LOGSFR HOST_LOGSFR_ERR HOST_LOGsSFR HOST_LOGsSFR_ERR HOST_COLOR HOST_COLOR_ERR HOST_MAG_g HOST_MAG_r HOST_MAG_i HOST_MAG_z HOST_MAGERR_g HOST_MAGERR_r HOST_MAGERR_i HOST_MAGERR_z HOST_SBFLUXCAL_g HOST_SBFLUXCAL_r HOST_SBFLUXCAL_i HOST_SBFLUXCAL_z HOST_SBMAG_g HOST_SBMAG_r HOST_SBMAG_i HOST_SBMAG_z PKMJDINI SNRMAX1 SNRMAX2 SNRMAX3 SNRSUM BANDLIST OPT_PHOTOZ PKMJD PKMJDERR x1 x1ERR c cERR mB mBERR x0 x0ERR COV_x1_c COV_x1_x0 COV_c_x0 NDOF FITCHI2 FITPROB RADIUS_POP 
#
SN: 1652139 10 0 C3 3 0 53.220950999999999 -28.031701999999999 0.7833399772644043 0.0010000000474974513 0.78265500068664551 0.0010000000474974513 0.78265500068664551 0.0020450183656066656 0 300 0 0 0.0061261970549821854 1 2 -25122 -9 -9 0.78329998254776001 0.0010000000474974513 53.220967999999999 -28.031461 0.86900001764297485 0.55699998140335083 -3.9263131618499756 11.083999633789062 0.012000000104308128 -9999 -9999 1.1959999799728394 0.29899999499320984 -9.8850002288818359 0.30754673480987549 1.3500000238418579 -999 24.799999237060547 23.180000305175781 21.940000534057617 21.469999313354492 0.019999999552965164 0 0 0 2.25 11.539999961853027 35.759998321533203 50.880001068115234 26.619543075561523 24.844486236572266 23.616506576538086 23.233631134033203 57763.125 17.181432723999023 14.139902114868164 10.638710021972656 46.682090759277344 riz 0 57762.609375 0.56104886531829834 0.093939416110515594 0.49806147813796997 0.045306749641895294 0.047450102865695953 24.085269927978516 0.04242623969912529 4.1676566979731433e-06 1.628554002763849e-07 0.0051302830688655376 -5.4807106408816253e-08 -5.964322369322872e-10 25 12.562535285949707 0.98142552375793457 0.15423458814620972
SN: 1480038 10 1 X2 3 0 35.783439999999999 -6.7917249999999996 0.33529999852180481 0.0010000000474974513 0.33423000574111938 0.0010000000474974513 0.33422994613647461 0.0016680965200066566 0 300 0 0 0.020889652892947197 1 1 103731 -9 -9 0.33529999852180481 0.0010000000474974513 35.783585000000002 -6.7917170000000002 0.51800000667572021 0.49300000071525574 -9 10.458999633789062 0.013000000268220901 -9999 -9999 0.93599998950958252 0.37700000405311584 -9.5069999694824219 0.37782800197601318 1.0460000038146973 -999 22.200000762939453 20.979999542236328 20.469999313354492 20.120000839233398 0 0 0 0 31.659999847412109 105.62000274658203 165.1300048828125 215.77000427246094 23.748722076416016 22.440633773803711 21.955434799194336 21.665021896362305 57681.09765625 27.31788444519043 20.783491134643555 16.133024215698242 79.011634826660156 griz 0 57680.47265625 0.29727897047996521 0.80135267972946167 0.24301871657371521 -0.016502991318702698 0.020404484122991562 21.7027587890625 0.029360461980104446 3.7402169255074114e-05 1.0114289352713968e-06 0.00076274143066257238 -1.6233705935064791e-07 -1.0394857419271375e-08 53 39.258548736572266 0.92000144720077515 0.27272310853004456
SN: 1442085 10 0 S2 3 0 41.011127999999999 -0.76527400000000001 0.63476002216339111 0.0010000000474974513 0.63355499505996704 0.0010000000474974513 0.63355493545532227 0.0019162629032507539 0 300 0 0 0.029951266944408417 1 1 -20555 -9 -9 0.6348000168800354 0.0010000000474974513 41.011192999999999 -0.76513399999999998 0.55400002002716064 0.71100002527236938 -9 10.529000282287598 0.035000000149011612 -9999 -9999 0.69199997186660767 0.54100000858306885 -9.8360004425048828 0.56035435199737549 0.97299998998641968 -999 23.979999542236328 22.639999389648438 21.889999389648438 21.469999313354492 0.019999999552965164 0.0099999997764825821 0 0 5.929999828338623 19.959999084472656 43.130001068115234 59.700000762939453 25.567363739013672 24.249599456787109 23.413051605224609 23.060064315795898 57663.3125 8.7602748870849609 7.5869908332824707 6.2502050399780273 21.128925323486328 riz 0 57666.328125 1.0936003923416138 -1.4371641874313354 0.9014136791229248 0.0031231127213686705 0.09390142560005188 23.604467391967773 0.089365571737289429 6.4895298237388488e-06 5.3414498779602582e-07 0.010189421474933624 -2.7241514999332139e-07 -2.2697735246879347e-08 46 57.639724731445312 0.11657865345478058 0.47916781902313232
SN: 1318689 10 0 C2 3 0 53.997543 -29.956009000000002 0.49391999840736389 0.0010000000474974513 0.49338498711585999 0.0010000000474974513 0.4933849573135376 0.0017981033306568861 0 300 0 0 0.013445612043142319 1 2 24844 -9 -9 0.49390000104904175 0.0010000000474974513 53.997478999999998 -29.956130999999999 0.4830000102519989 0.97299998998641968 -3.1400010585784912 8.7430000305175781 0.061999998986721039 -9999 -9999 -0.12399999797344208 0.42100000381469727 -8.8950004577636719 0.49534028768539429 0.1289999932050705 -999 25.049999237060547 24.059999465942383 23.829999923706055 23.659999847412109 0.05000000074505806 0.029999999329447746 0.029999999329447746 0.039999999105930328 2.1400001049041748 5.369999885559082 5.9800000190734863 7.6599998474121094 26.673965454101562 25.675064086914062 25.558246612548828 25.2894287109375 57011.0859375 32.796772003173828 16.795583724975586 12.249732971191406 50.454929351806641 riz 0 57014.40234375 0.70962166786193848 0.6217154860496521 0.52686190605163574 -0.03344205766916275 0.046249564737081528 22.784940719604492 0.047862417995929718 1.3804588888888247e-05 6.0854654293507338e-07 0.0043027200736105442 -1.6819163306536211e-07 -1.9362998315841651e-08 34 38.750598907470703 0.2639164924621582 0.23531711101531982
SN: 1311247 10 0 E2 3 0 8.0202380000000009 -43.909602999999997 0.44288000464439392 0.0010000000474974513 0.44183099269866943 0.0010000000474974513 0.44183099269866943 0.0017554633086547256 0 300 0 0 0.0067370235919952393 1 1 29612 -9 -9 0.44290000200271606 0.0010000000474974513 8.0201340000000005 -43.909562999999999 0.3059999942779541 0.24300000071525574 -9 10.781000137329102 0.026000000536441803 -9999 -9999 0.70300000905990601 0 -10.067000389099121 0 0.74199998378753662 -999 21.090000152587891 19.680000305175781 19.299999237060547 19.25 0 0 0 0 83.55999755859375 290.91000366210938 381.47000122070312 437.25 22.695003509521484 21.340602874755859 21.046348571777344 20.898174285888672 56992.05078125 27.367198944091797 17.867780685424805 11.1529541015625 68.843093872070312 riz 0 56992.75390625 0.50621020793914795 2.5738720893859863 0.53080624341964722 0.054846052080392838 0.044767126441001892 22.139560699462891 0.054214831441640854 2.5013565391418524e-05 1.2490199878811836e-06 0.0071687502786517143 -4.486010141135921e-07 -4.3336953581274429e-08 32 34.212100982666016 0.36190390586853027 0.87721949815750122
SN: 1923060 10 1 X1 3 0 34.833686999999998 -5.1725810000000001 0.38361001014709473 0.0010000000474974513 0.3824709951877594 0.0010000000474974513 0.38247096538543701 0.0017069788882508874 0 300 0 0 0.018523754552006721 1 1 141770 -9 -9 0.38359999656677246 0.0010000000474974513 34.833241999999998 -5.172078 2.4140000343322754 2.1659998893737793 -9 10.298000335693359 0.013000000268220901 -9999 -9999 1.4259999990463257 0.026000000536441803 -8.8620004653930664 0.048548944294452667 0.52499997615814209 -999 21.950000762939453 20.930000305175781 20.479999542236328 20.120000839233398 0 0 0 0 7.0500001907348633 18.309999465942383 19.120000839233398 22.909999847412109 25.379528045654297 24.343278884887695 24.296279907226562 24.099937438964844 58101.046875 35.037071228027344 31.346729278564453 19.32817268371582 93.056076049804688 riz 0 58103.0546875 0.36394548416137695 0.29445374011993408 0.35417163372039795 0.027611998841166496 0.031396053731441498 22.057016372680664 0.036014586687088013 2.6989391699316911e-05 8.9525599378248444e-07 0.0038898901548236609 -1.7437123744912242e-07 -2.408854271607197e-08 20 18.204076766967773 0.57396668195724487 0.13455492258071899
SN: 1896213 10 0 C3 3 0 52.232731000000001 -27.124613 0.68756997585296631 0.0010000000474974513 0.68688398599624634 0.0010000000474974513 0.68688392639160156 0.0019619825761765242 0 300 0 0 0.0096659697592258453 1 1 134643 -9 -9 0.68760001659393311 0.0010000000474974513 52.233015000000002 -27.125194 2.2820000648498535 1.7970000505447388 -9 11.078000068664551 0.02500000037252903 -9999 -9999 -0.49900001287460327 9.5010004043579102 -11.586999893188477 9.5012884140014648 1.4869999885559082 -999 24.370000839233398 22.459999084472656 21.309999465942383 20.760000228881836 0.0099999997764825821 0 0 0 0.98000001907348633 5.0300002098083496 12.039999961853027 16.790000915527344 27.5 25.74608039855957 24.798433303833008 24.437374114990234 58064.26171875 15.652215003967285 12.752921104431152 12.404582977294922 43.035068511962891 riz 0 58064.40234375 0.54813385009765625 -0.96599030494689941 0.40935248136520386 0.14154677093029022 0.050746724009513855 23.901473999023438 0.043243452906608582 4.9363975449523423e-06 1.9661025874029292e-07 0.0060103340074419975 -4.9618147812680036e-08 -5.2116444493321978e-09 42 55.087863922119141 0.08487556129693985 0.57122540473937988
SN: 1339609 10 0 C2+C3 3 0 53.323909999999998 -28.724577 1.1221200227737427 0.0010000000474974513 1.121319055557251 0.0010000000474974513 1.121319055557251 0.0023464870173484087 0 300 0 0 0.0069742212072014809 1 1 42756 -9 -9 1.1220999956130981 0.0010000000474974513 53.323725000000003 -28.724712 0.75900000333786011 1.1670000553131104 -9 10.902000427246094 0.012000000104308128 -9999 -9999 1.3969999551773071 0.3190000057220459 -9.5019998550415039 0.32031548023223877 0.76399999856948853 -999 23.719999313354492 23.049999237060547 22.319999694824219 21.530000686645508 0.0099999997764825821 0.0099999997764825821 0.0099999997764825821 0.0099999997764825821 5.1599998474121094 9.4499998092651367 21.75 38.939998626708984 25.718376159667969 25.061420440673828 24.156352996826172 23.524009704589844 57379.07421875 19.781522750854492 16.402656555175781 -99 38.855094909667969 iz 0 57372.359375 1.0036406517028809 0.8861241340637207 0.61486178636550903 -0.069416023790836334 0.078642532229423523 24.493925094604492 0.055968333035707474 2.8604233648366062e-06 1.4745121745818324e-07 0.012356310151517391 -4.3030912166841517e-08 5.3744892980489567e-09 39 34.581695556640625 0.67155534029006958 0.37521466612815857
SN: 1289306 10 0 E1+E2 3 0 8.2382969999999993 -43.782832999999997 0.5437999963760376 0.0010000000474974513 0.54267597198486328 0.0010000000474974513 0.54267597198486328 0.00183930026832968 0 300 0 0 0.0053335856646299362 1 2 -5467 -9 -9 0.5437999963760376 0.0010000000474974513 8.2382980000000003 -43.782772000000001 0.2199999988079071 0.23399999737739563 -4.2669887542724609 10.77299976348877 0.027000000700354576 -9999 -9999 1.0039999485015869 0.17599999904632568 -9.8360004425048828 0.18867962062358856 1.184999942779541 -999 23.690000534057617 22.059999465942383 21.280000686645508 20.770000457763672 0.019999999552965164 0 0 0 8.1999998092651367 36.700000762939453 74.120002746582031 105.52999877929688 25.215465545654297 23.588335037231445 22.825160980224609 22.441558837890625 57265.23046875 10.943610191345215 10.382450103759766 8.9180870056152344 30.588710784912109 riz 0 57267.05859375 0.59154713153839111 -2.6997630596160889 0.5919116735458374 -0.057121984660625458 0.068849533796310425 23.319681167602539 0.068653889000415802 8.4358298408915289e-06 5.3341921102401102e-07 0.0087358802556991577 -1.838507586171545e-07 -2.4742979221059613e-08 100 87.737022399902344 0.80446529388427734 0.91984373331069946
SN: 1280240 10 1 C2 3 0 55.229565000000001 -28.688652000000001 0.059989999979734421 0.0010000000474974513 0.059624001383781433 0.0010000000474974513 0.059623956680297852 0.0014574984088540077 0 300 0 0 0.010642281733453274 1 1 2289 -9 -9 0.059999998658895493 0.0010000000474974513 55.228673000000001 -28.689131 3.3029999732971191 1.3899999856948853 -9 10.020999908447266 0.016000000759959221 -9999 -9999 0.004999999888241291 4.2579998970031738 -10.020000457763672 4.2594990730285645 1.0740000009536743 -999 19.850000381469727 19.110000610351562 18.700000762939453 18.450000762939453 0 0 0 0 131.41000366210938 212.02000427246094 305.42999267578125 389.02999877929688 22.203428268432617 21.684057235717773 21.2877197265625 21.025043487548828 57276.35546875 432.34896850585938 431.31304931640625 206.38449096679688 924.822265625 gri 0 57257.703125 0.33160769939422607 0.36572757363319397 0.1610955148935318 0.038388323038816452 0.019112406298518181 17.99738883972168 0.025995366275310516 0.0011351272696629167 2.7177917218068615e-05 0.00069960253313183784 -1.218302600136667e-06 -4.4344977823129739e-07 20 26.510080337524414 0.14961858093738556 0.17673677206039429
SN: 1330817 10 0 S2 3 0 41.108952000000002 -1.447716 0.27143999934196472 0.0010000000474974513 0.27050799131393433 0.0010000000474974513 0.2705080509185791 0.0016175120836123824 0 300 0 0 0.027220925316214561 1 1 39351 -9 -9 0.27140000462532043 0.0010000000474974513 41.109720000000003 -1.4483410000000001 3.562000036239624 3.6080000400543213 -9 10.543000221252441 0.11999999731779099 -9999 -9999 -0.52700001001358032 9.4729995727539062 -10.942999839782715 9.473057746887207 1.5479999780654907 -999 21.930000305175781 20.440000534057617 19.959999084472656 19.610000610351562 0 0 0 0 0.5 2.4800000190734863 3.9600000381469727 5.4499998092651367 27.5 26.513870239257812 26.005762100219727 25.659008026123047 57311.296875 45.46697998046875 44.582134246826172 41.8170166015625 115.6856689453125 griz 0 57308.9609375 0.27784311771392822 -1.1046328544616699 0.24382469058036804 -0.027465252205729485 0.018881984055042267 21.617176055908203 0.022338002920150757 4.0469640225637704e-05 8.3262483485668781e-07 0.00097581843147054315 -8.009075713744096e-08 -1.013947414918448e-08 45 42.842594146728516 0.56376421451568604 0.37942174077033997
SN: 1256819 10 0 X3 3 0 37.317405999999998 -4.1374870000000001 0.58701002597808838 0.0010000000474974513 0.58575999736785889 0.0010000000474974513 0.58575999736785889 0.0018756309291347861 0 300 0 0 0.025787351652979851 1 1 18838 -9 -9 0.58700001239776611 0.0010000000474974513 37.317287 -4.1376970000000002 0.86900001764297485 1.034000039100647 -9 9.3579998016357422 0.018999999389052391 -9999 -9999 -0.02500000037252903 0.029999999329447746 -9.380000114440918 0.079849861562252045 0.3059999942779541 -999 24.75 23.709999084472656 23.299999237060547 23.110000610351562 0.019999999552965164 0.0099999997764825821 0.0099999997764825821 0.0099999997764825821 2.3599998950958252 5.6100001335144043 8.2299995422363281 10.819999694824219 26.567720413208008 25.627592086791992 25.21150016784668 24.914432525634766 56602.25 25.498546600341797 23.868740081787109 19.579002380371094 60.012557983398438 riz 0 56600.01171875 0.58856600522994995 -0.090224355459213257 0.313709557056427 -0.01244537066668272 0.038275562226772308 23.322698593139648 0.034619428217411041 8.4124130808049813e-06 2.6823545340448618e-07 0.00050725549226626754 -3.7290558196900747e-08 -6.3354939072723937e-09 29 17.529315948486328 0.95330673456192017 0.051239263266324997
