# VERSION_PHOTOMETRY:  DES-SN5YR_LOWZ 
# SNANA_VERSION: 886408a4-output17g 
# PROGRAM:       snlc_fit.exe 
# TABLE_NAME:    FITRES 
# 
VARNAMES:  CID IDSURVEY TYPE FIELD CUTFLAG_SNANA ERRFLAG_FIT RA DEC zHEL zHELERR zCMB zCMBERR zHD zHDERR VPEC VPECERR LENSDMU LENSDMUERR MWEBV HOST_NMATCH HOST_NMATCH2 HOST_OBJID HOST_ZPHOT HOST_ZPHOTERR HOST_ZSPEC HOST_ZSPECERR HOST_RA HOST_DEC HOST_ANGSEP HOST_DDLR HOST_CONFUSION HOST_LOGMASS HOST_LOGMASS_ERR HOST_LOGMASS_ZPHOT HOST_LOGMASS_ZPHOTERR HOST_LOGSFR HOST_LOGSFR_ERR HOST_LOGsSFR HOST_LOGsSFR_ERR HOST_COLOR HOST_COLOR_ERR HOST_MAG_a HOST_MAG_b HOST_MAG_c HOST_MAG_d HOST_MAG_e HOST_MAG_f HOST_MAG_g HOST_MAG_h HOST_MAG_i HOST_MAG_j HOST_MAG_k HOST_MAG_l HOST_MAG_m HOST_MAG_n HOST_MAG_o HOST_MAGERR_a HOST_MAGERR_b HOST_MAGERR_c HOST_MAGERR_d HOST_MAGERR_e HOST_MAGERR_f HOST_MAGERR_g HOST_MAGERR_h HOST_MAGERR_i HOST_MAGERR_j HOST_MAGERR_k HOST_MAGERR_l HOST_MAGERR_m HOST_MAGERR_n HOST_MAGERR_o HOST_SBFLUXCAL_a HOST_SBFLUXCAL_b HOST_SBFLUXCAL_c HOST_SBFLUXCAL_d HOST_SBFLUXCAL_e HOST_SBFLUXCAL_f HOST_SBFLUXCAL_g HOST_SBFLUXCAL_h HOST_SBFLUXCAL_i HOST_SBFLUXCAL_j HOST_SBFLUXCAL_k HOST_SBFLUXCAL_l HOST_SBFLUXCAL_m HOST_SBFLUXCAL_n HOST_SBFLUXCAL_o HOST_SBMAG_a HOST_SBMAG_b HOST_SBMAG_c HOST_SBMAG_d HOST_SBMAG_e HOST_SBMAG_f HOST_SBMAG_g HOST_SBMAG_h HOST_SBMAG_i HOST_SBMAG_j HOST_SBMAG_k HOST_SBMAG_l HOST_SBMAG_m HOST_SBMAG_n HOST_SBMAG_o PKMJDINI SNRMAX1 SNRMAX2 SNRMAX3 SNRSUM BANDLIST OPT_PHOTOZ PKMJD PKMJDERR x1 x1ERR c cERR mB mBERR x0 x0ERR COV_x1_c COV_x1_x0 COV_c_x0 NDOF FITCHI2 FITPROB RADIUS_POP 
#
SN: 2004ef 64 1 VOID 3 0 340.54174999999998 19.99456 0.03101000003516674 2.0999999833293259e-05 0.029782000929117203 2.0999999833293259e-05 0.030124068260192871 0.00085898092947900295 -99.550003051757812 250 0 0 0.047228209674358368 1 1 0 -9 -9 -9 -9 -999 -999 -9 -9 -9 10.824999809265137 0.17200000584125519 -9999 -9999 0.51599997282028198 0.88200002908706665 -10.309000015258789 0.89861446619033813 1.0559999942779541 -999 999 999 999 999 999 999 999 999 999 999 999 999 999 999 999 999 999 999 999 999 999 999 999 999 999 999 999 999 999 999 -999 -999 -999 -999 -999 -999 -999 -999 -999 -999 -999 -999 -999 -999 -999 99 99 99 99 99 99 99 99 99 99 99 99 99 99 99 53265.6484375 90.794746398925781 90.794715881347656 90.794670104980469 1063.9783935546875 bcdehqrst 0 53264.71484375 0.04854428768157959 -1.4001501798629761 0.037309557199478149 0.074805431067943573 0.0097469063475728035 16.600194931030273 0.01296707522124052 0.0041107595898211002 4.9095284339273348e-05 1.4798682059335988e-05 -3.0855042609800876e-07 -3.2920843295869417e-07 224 106.87233734130859 1 0.52915090322494507
SN: 2005eq 64 1 VOID 3 0 47.205460000000002 -7.0332499999999998 0.028929000720381737 1.4999999621068127e-05 0.02830900065600872 1.4999999621068127e-05 0.028229832649230957 0.00085762696107849479 23.079999923706055 250 0 0 0.063627220690250397 1 1 0 -9 -9 -9 -9 -999 -999 -9 -9 -9 10.616999626159668 0.083999998867511749 -9999 -9999 0.85799998044967651 0.6940000057220459 -9.7589998245239258 0.69906508922576904 1.0299999713897705 -999 999 999 999 999 999 999 999 999 999 999 999 999 999 999 999 999 999 999 999 999 999 999 999 999 999 999 999 999 999 999 -999 -999 -999 -999 -999 -999 -999 -999 -999 -999 -999 -999 -999 -999 -999 99 99 99 99 99 99 99 99 99 99 99 99 99 99 99 53650.41796875 87.468315124511719 87.467765808105469 87.467208862304688 837.80145263671875 bcdehqrst 0 53655.09765625 0.091979548335075378 1.3617733716964722 0.060019321739673615 0.0025169129949063063 0.0091932583600282669 16.030191421508789 0.015709472820162773 0.0069490182213485241 0.00010054506128653884 2.6206125767203048e-05 -1.0243174983770587e-06 -6.4267459265465732e-07 180 102.04458618164062 0.99999946355819702 0.45400196313858032
SN: 2005hc 64 1 VOID 3 0 29.199791000000001 -0.21371999999999999 0.045915998518466949 1.5999999959603883e-05 0.044955000281333923 1.5999999959603883e-05 0.045752763748168945 0.00087152363266795874 -228.69000244140625 250 0 0 0.02814062125980854 1 1 0 -9 -9 -9 -9 -999 -999 -9 -9 -9 10.484999656677246 0.075999997556209564 -9999 -9999 0.36300000548362732 10.36299991607666 -10.121999740600586 10.363278388977051 1.2760000228881836 -999 999 999 999 999 999 999 999 999 999 999 999 999 999 999 999 999 999 999 999 999 999 999 999 999 999 999 999 999 999 999 -999 -999 -999 -999 -999 -999 -999 -999 -999 -999 -999 -999 -999 -999 -999 99 99 99 99 99 99 99 99 99 99 99 99 99 99 99 53666.40625 87.467903137207031 87.467887878417969 87.467735290527344 666.28466796875 bcdehqrst 0 53668.1484375 0.10182181000709534 0.86495375633239746 0.07079034298658371 -0.036515664309263229 0.0085114706307649612 17.062881469726562 0.010049192234873772 0.0026844008825719357 2.4845870939316228e-05 7.0299123763106763e-05 -4.2491376461839536e-07 -1.4564642469849787e-07 155 126.06906890869141 0.95725786685943604 0.3129580020904541
SN: 2005hj 64 1 VOID 3 0 21.701671999999999 -1.238135 0.057385999709367752 1.2999999853491317e-05 0.056313998997211456 1.2999999853491317e-05 0.057082295417785645 0.00088094477541744709 -217.8800048828125 250 0 0 0.033316876739263535 1 1 0 -9 -9 -9 -9 -999 -999 -9 -9 -9 9.4890003204345703 0.14900000393390656 -9999 -9999 -0.21600000560283661 9.7840003967285156 -9.7049999237060547 9.7851343154907227 1.0959999561309814 -999 999 999 999 999 999 999 999 999 999 999 999 999 999 999 999 999 999 999 999 999 999 999 999 999 999 999 999 999 999 999 -999 -999 -999 -999 -999 -999 -999 -999 -999 -999 -999 -999 -999 -999 -999 99 99 99 99 99 99 99 99 99 99 99 99 99 99 99 53673.66015625 76.858528137207031 76.858154296875 76.858131408691406 416.37484741210938 bcdehqrst 0 53674.78515625 0.24102331697940826 1.6184859275817871 0.12531182169914246 -0.011373904533684254 0.010758854448795319 17.474945068359375 0.013484643772244453 0.0018366323783993721 2.2810636437498033e-05 0.00017663303879089653 -2.5418333393645298e-07 -1.6953323722646019e-07 85 82.565414428710938 0.55458533763885498 0.54082584381103516
SN: 2005iq 64 1 VOID 3 0 359.63542000000001 -18.70917 0.034044001251459122 0.0001230000052601099 0.032919999212026596 0.0001230000052601099 0.033407926559448242 0.00087007880210876465 -141.55000305175781 250 0 0 0.019006639719009399 1 1 0 -9 -9 -9 -9 -999 -999 -9 -9 -9 10.489999771118164 0.081000000238418579 -9999 -9999 0.89300000667572021 3.375 -9.5970001220703125 3.375971794128418 1.128000020980835 -999 999 999 999 999 999 999 999 999 999 999 999 999 999 999 999 999 999 999 999 999 999 999 999 999 999 999 999 999 999 999 -999 -999 -999 -999 -999 -999 -999 -999 -999 -999 -999 -999 -999 -999 -999 99 99 99 99 99 99 99 99 99 99 99 99 99 99 99 53688.20703125 90.794548034667969 83.966545104980469 80.401718139648438 655.1011962890625 bcdehqrst 0 53688.1796875 0.077133327722549438 -1.02797532081604 0.062836259603500366 -0.098036400973796844 0.0090914443135261536 16.515529632568359 0.0097281169146299362 0.004444146528840065 3.9819227822590619e-05 5.006788342143409e-05 -6.3987329212977784e-07 -2.5659684865786403e-07 136 108.406005859375 0.96085989475250244 0.47350311279296875
SN: 2005ir 64 1 VOID 3 0 19.182510000000001 0.794628 0.076025001704692841 9.9999997473787516e-06 0.074896998703479767 9.9999997473787516e-06 0.075197815895080566 0.00089640083024278283 -83.860000610351562 250 0 0 0.026292238384485245 1 1 0 -9 -9 -9 -9 -999 -999 -9 -9 -9 10.083000183105469 0.098999999463558197 -9999 -9999 0.37799999117851257 0.77100002765655518 -9.7049999237060547 0.77733004093170166 0.77999997138977051 -999 999 999 999 999 999 999 999 999 999 999 999 999 999 999 999 999 999 999 999 999 999 999 999 999 999 999 999 999 999 999 -999 -999 -999 -999 -999 -999 -999 -999 -999 -999 -999 -999 -999 -999 -999 99 99 99 99 99 99 99 99 99 99 99 99 99 99 99 53687.640625 66.887504577636719 61.035915374755859 55.867622375488281 347.5284423828125 bcdehqrst 0 53685.21875 0.24745449423789978 1.1170027256011963 0.1624666154384613 -0.013622230850160122 0.011407459154725075 18.160364151000977 0.012591628357768059 0.00097691023256629705 1.1329539120197296e-05 0.00060324760852381587 -4.3093402268823411e-07 -8.3598621358760283e-08 77 92.016433715820312 0.11658734083175659 0.37509280443191528
SN: 2005M 64 1 VOID 3 0 144.38482999999999 23.200749999999999 0.024839999154210091 4.9999998736893758e-05 0.025838000699877739 4.9999998736893758e-05 0.025982141494750977 0.00085689523257315159 -42.119998931884766 250 0 0 0.026827996596693993 1 1 0 -9 -9 -9 -9 -999 -999 -9 -9 -9 9.9250001907348633 0.082999996840953827 -9999 -9999 0.33300000429153442 1.9409999847412109 -9.5920000076293945 1.9427738189697266 0.49300000071525574 -999 999 999 999 999 999 999 999 999 999 999 999 999 999 999 999 999 999 999 999 999 999 999 999 999 999 999 999 999 999 999 -999 -999 -999 -999 -999 -999 -999 -999 -999 -999 -999 -999 -999 -999 -999 99 99 99 99 99 99 99 99 99 99 99 99 99 99 99 53406.71875 87.467872619628906 87.467826843261719 87.467597961425781 985.06170654296875 bcdehqrst 0 53406.75390625 0.05265238881111145 1.2018777132034302 0.048692163079977036 -0.00096957723144441843 0.0099427998065948486 15.652633666992188 0.010703332722187042 0.0098389033228158951 9.6993229817599058e-05 2.8482541893026792e-05 -1.2504976893978892e-06 -6.8126803398627089e-07 198 141.4580078125 0.99913763999938965 0.40063893795013428
SN: 2005na 64 1 VOID 3 0 105.40258 14.13325 0.026645999401807785 8.2999998994637281e-05 0.027171000838279724 8.2999998994637281e-05 0.027475595474243164 0.00086055888095870614 -88.879997253417969 250 0 0 0.066814377903938293 1 1 0 -9 -9 -9 -9 -999 -999 -9 -9 -9 11.109999656677246 0.25699999928474426 -9999 -9999 0.23199999332427979 10.232000350952148 -10.878000259399414 10.235226631164551 1.4730000495910645 -999 999 999 999 999 999 999 999 999 999 999 999 999 999 999 999 999 999 999 999 999 999 999 999 999 999 999 999 999 999 999 -999 -999 -999 -999 -999 -999 -999 -999 -999 -999 -999 -999 -999 -999 -999 99 99 99 99 99 99 99 99 99 99 99 99 99 99 99 53740.76953125 90.795066833496094 87.468177795410156 87.468177795410156 755.33740234375 bcdehiqrst 0 53741.41015625 0.13265356421470642 -0.36733594536781311 0.055608347058296204 -0.061643429100513458 0.009967840276658535 15.740391731262207 0.01694321446120739 0.0090749310329556465 0.00014161682338453829 4.2225408833473921e-05 -5.3565679536404787e-07 -1.0009345032813144e-06 139 173.12879943847656 0.026241093873977661 0.23919469118118286
SN: 2006ev 64 1 VOID 3 0 322.74691999999999 13.98922 0.028730999678373337 1.4000000192027073e-05 0.027589000761508942 1.4000000192027073e-05 0.028100371360778809 0.00085700972704216838 -149.1199951171875 250 0 0 0.077462263405323029 1 1 0 -9 -9 -9 -9 -999 -999 -9 -9 -9 10.803999900817871 0.16300000250339508 -9999 -9999 0.72100001573562622 10.720999717712402 -10.083000183105469 10.72223949432373 1.468000054359436 -999 999 999 999 999 999 999 999 999 999 999 999 999 999 999 999 999 999 999 999 999 999 999 999 999 999 999 999 999 999 999 -999 -999 -999 -999 -999 -999 -999 -999 -999 -999 -999 -999 -999 -999 -999 99 99 99 99 99 99 99 99 99 99 99 99 99 99 99 53994.58984375 87.467826843261719 87.467643737792969 83.966865539550781 447.99447631835938 bcdeiqrst 0 53989.73828125 0.29055356979370117 -1.3437827825546265 0.087067410349845886 0.073499426245689392 0.015995630994439125 16.767414093017578 0.032035257667303085 0.0035239895805716515 0.00010397729784017429 1.9516460270097014e-07 7.4183776632708032e-07 -1.3987158808959066e-06 73 25.548316955566406 0.99999994039535522 0.51055186986923218
SN: 2006ob 64 1 VOID 3 0 27.950600000000001 0.26331199999999999 0.058598000556230545 4.3000000005122274e-05 0.057604998350143433 4.3000000005122274e-05 0.058238387107849121 0.00088297313777729869 -179.41999816894531 250 0 0 0.02847914956510067 1 1 0 -9 -9 -9 -9 -999 -999 -9 -9 -9 11.184000015258789 0.079999998211860657 -9999 -9999 1.1490000486373901 11.14900016784668 -10.034999847412109 11.149287223815918 1.440000057220459 -999 999 999 999 999 999 999 999 999 999 999 999 999 999 999 999 999 999 999 999 999 999 999 999 999 999 999 999 999 999 999 -999 -999 -999 -999 -999 -999 -999 -999 -999 -999 -999 -999 -999 -999 -999 99 99 99 99 99 99 99 99 99 99 99 99 99 99 99 54060.171875 76.858688354492188 70.067207336425781 66.887565612792969 319.8458251953125 bcdeiqrst 0 54063.51953125 0.14506244659423828 -2.1069486141204834 0.097744546830654144 -0.009723445400595665 0.012993630953133106 17.954010009765625 0.01510914321988821 0.0011813966557383537 1.6440357285318896e-05 0.00018722342792898417 -4.7620190457564604e-07 -1.6095371790925128e-07 96 79.2109375 0.89281159639358521 0.7030637264251709
SN: 2007bd 64 1 VOID 3 0 127.88867 -1.1994400000000001 0.030440999194979668 9.9999997473787516e-05 0.031410999596118927 9.9999997473787516e-05 0.031195402145385742 0.00086587644182145596 62.700000762939453 250 0 0 0.029214682057499886 1 1 0 -9 -9 -9 -9 -999 -999 -9 -9 -9 10.637999534606934 0.1120000034570694 -9999 -9999 0.75300002098083496 10.753000259399414 -9.8850002288818359 10.753582954406738 1.246999979019165 -999 999 999 999 999 999 999 999 999 999 999 999 999 999 999 999 999 999 999 999 999 999 999 999 999 999 999 999 999 999 999 -999 -999 -999 -999 -999 -999 -999 -999 -999 -999 -999 -999 -999 -999 -999 99 99 99 99 99 99 99 99 99 99 99 99 99 99 99 54207.55078125 108.0731201171875 98.206085205078125 98.202713012695312 660.47265625 bcdeiqrst 0 54206.92578125 0.069846197962760925 -1.0512776374816895 0.059398256242275238 -0.06527496874332428 0.010144641622900963 16.275876998901367 0.011792820878326893 0.0055417814292013645 6.0192553064553067e-05 2.5594285034458153e-05 -9.8966825134993996e-07 -4.3695797558029881e-07 92 99.586471557617188 0.27643910050392151 0.41248118877410889
SN: 2007nq 65 1 VOID 3 0 14.38987 -1.3886099999999999 0.043891001492738724 5.999999848427251e-05 0.04275200143456459 5.999999848427251e-05 0.04349219799041748 0.00087160727707669139 -212.64999389648438 250 0 0 0.030484622344374657 1 1 0 -9 -9 -9 -9 -999 -999 -9 -9 -9 11.163000106811523 0.10199999809265137 -9999 -9999 0.86799997091293335 10.868000030517578 -10.295000076293945 10.868478775024414 1.5559999942779541 -999 999 999 999 999 999 999 999 999 999 999 999 999 999 999 999 999 999 999 999 999 999 999 999 999 999 999 999 999 999 999 -999 -999 -999 -999 -999 -999 -999 -999 -999 -999 -999 -999 -999 -999 -999 99 99 99 99 99 99 99 99 99 99 99 99 99 99 99 54400.671875 83.966636657714844 76.858428955078125 76.858406066894531 502.51419067382812 bcdeiABCD 0 54398.48046875 0.17220598459243774 -1.7441327571868896 0.069702506065368652 -0.041126102209091187 0.01171994861215353 17.109628677368164 0.016204362735152245 0.0025712768547236919 3.8375714211724699e-05 8.6658394138794392e-05 -1.6444032269191666e-07 -3.2138495953404345e-07 137 77.251754760742188 0.99999094009399414 0.5973212718963623
SN: 2007ux 65 1 VOID 3 0 152.33324999999999 14.99244 0.030697999522089958 1.2000000424450263e-05 0.03183399885892868 1.2000000424450263e-05 0.032637238502502441 0.00086051889229565859 -233.21000671386719 250 0 0 0.038654830306768417 1 1 0 -9 -9 -9 -9 -999 -999 -9 -9 -9 10.189000129699707 0.076999999582767487 -9999 -9999 -0.0070000002160668373 9.9930000305175781 -10.196000099182129 9.9932966232299805 1.4019999504089355 -999 999 999 999 999 999 999 999 999 999 999 999 999 999 999 999 999 999 999 999 999 999 999 999 999 999 999 999 999 999 999 -999 -999 -999 -999 -999 -999 -999 -999 -999 -999 -999 -999 -999 -999 -999 99 99 99 99 99 99 99 99 99 99 99 99 99 99 99 54468.76171875 83.966896057128906 80.40179443359375 76.858566284179688 493.13824462890625 bcdeiABCD 0 54465.71484375 0.20595693588256836 -2.5835871696472168 0.087576642632484436 0.12361703813076019 0.01292019709944725 17.070644378662109 0.018537648022174835 0.0026652745436877012 4.5506378228310496e-05 -7.5054951594211161e-05 5.2946370487916283e-07 -4.1494092783977976e-07 118 132.21229553222656 0.17530593276023865 0.95469832420349121
SN: 2008ar 65 1 VOID 3 0 186.15799999999999 10.83817 0.026171000674366951 1.1000000085914508e-05 0.027316000312566757 1.1000000085914508e-05 0.028491973876953125 0.00085673836292698979 -342.79998779296875 250 0 0 0.031656727194786072 1 1 0 -9 -9 -9 -9 -999 -999 -9 -9 -9 10.309000015258789 0.20000000298023224 -9999 -9999 0.057000000029802322 7.0879998207092285 -10.251999855041504 7.0908212661743164 1.125 -999 999 999 999 999 999 999 999 999 999 999 999 999 999 999 999 999 999 999 999 999 999 999 999 999 999 999 999 999 999 999 -999 -999 -999 -999 -999 -999 -999 -999 -999 -999 -999 -999 -999 -999 -999 99 99 99 99 99 99 99 99 99 99 99 99 99 99 99 54533.3984375 83.966697692871094 80.402412414550781 80.401878356933594 647.857421875 bcdeiABCD 0 54535.12890625 0.071754768490791321 0.020414235070347786 0.052096132189035416 -0.03768906369805336 0.0091679738834500313 15.946270942687988 0.011799992993474007 0.0075074387714266777 8.1592312199063599e-05 4.4150543544674292e-05 -1.405710463586729e-06 -5.26384440036054e-07 131 100.87326812744141 0.97641217708587646 0.12581434845924377
SN: 2008bz 65 1 VOID 3 0 189.74057999999999 11.1295 0.060146000236272812 1.4999999621068127e-05 0.061298999935388565 1.4999999621068127e-05 0.060985088348388672 0.0008851329330354929 88.720001220703125 250 0 0 0.022911835461854935 1 1 0 -9 -9 -9 -9 -999 -999 -9 -9 -9 10.470999717712402 0.098999999463558197 -9999 -9999 0.81999999284744263 0.94900000095367432 -9.6510000228881836 0.95414990186691284 1.159000039100647 -999 999 999 999 999 999 999 999 999 999 999 999 999 999 999 999 999 999 999 999 999 999 999 999 999 999 999 999 999 999 999 -999 -999 -999 -999 -999 -999 -999 -999 -999 -999 -999 -999 -999 -999 -999 99 99 99 99 99 99 99 99 99 99 99 99 99 99 99 54580.71875 87.467597961425781 76.858512878417969 76.858345031738281 413.08978271484375 bcdeiABCD 0 54579.52734375 0.2469336986541748 -0.41593477129936218 0.10914730280637741 -0.1296115517616272 0.011112602427601814 17.653160095214844 0.015473703853785992 0.001558604184538126 2.2212927433429286e-05 -1.6298565242323093e-05 4.4249222241887765e-07 -1.6986493278636772e-07 81 84.888259887695312 0.36206746101379395 0.45373964309692383
SN: 2008cf 65 1 VOID 3 0 211.88567 -26.551829999999999 0.046027999371290207 9.0000001364387572e-05 0.04692399874329567 9.0000001364387572e-05 0.046820759773254395 0.00087764544878154993 29.569999694824219 250 0 0 0.057598728686571121 1 1 0 -9 -9 -9 -9 -999 -999 -9 -9 -9 9.1510000228881836 0.043999999761581421 -9999 -9999 0.94800001382827759 0.1550000011920929 -8.2030000686645508 0.16112416982650757 0.20999999344348907 -999 999 999 999 999 999 999 999 999 999 999 999 999 999 999 999 999 999 999 999 999 999 999 999 999 999 999 999 999 999 999 -999 -999 -999 -999 -999 -999 -999 -999 -999 -999 -999 -999 -999 -999 -999 99 99 99 99 99 99 99 99 99 99 99 99 99 99 99 54595.76953125 90.79461669921875 90.794586181640625 90.79449462890625 490.14315795898438 bcdeiABCD 0 54595.26171875 0.30333858728408813 1.2224221229553223 0.11870576441287994 -0.11123544722795486 0.011084089055657387 16.746152877807617 0.016839558258652687 0.0035936743952333927 5.5737196817062795e-05 -0.00015570454706903547 9.8549185167939868e-07 -4.0370062492911529e-07 72 43.095100402832031 0.99727743864059448 0.55092328786849976
SN: 2008fr 65 1 VOID 3 0 17.954750000000001 14.640829999999999 0.039000999182462692 0.0020000000949949026 0.037896998226642609 0.0020000000949949026 0.03828132152557373 0.0021792373154312372 -110.97000122070312 250 0 0 0.038677498698234558 1 1 0 -9 -9 -9 -9 -999 -999 -9 -9 -9 8.6899995803833008 0.20900000631809235 -9999 -9999 -0.88899999856948853 9.1110000610351562 -9.5790004730224609 9.1133966445922852 1.1490000486373901 -999 999 999 999 999 999 999 999 999 999 999 999 999 999 999 999 999 999 999 999 999 999 999 999 999 999 999 999 999 999 999 -999 -999 -999 -999 -999 -999 -999 -999 -999 -999 -999 -999 -999 -999 -999 99 99 99 99 99 99 99 99 99 99 99 99 99 99 99 54734.30078125 83.966629028320312 80.401832580566406 76.859199523925781 545.3499755859375 bcdeiABCD 0 54733.82421875 0.22965890169143677 0.59680670499801636 0.074313059449195862 -0.09102775901556015 0.010186863131821156 16.554428100585938 0.017401957884430885 0.0042877453379333019 6.8723107688128948e-05 -5.4338139307219535e-05 3.2866446986190567e-07 -5.1674999212991679e-07 136 97.7119140625 0.99449944496154785 0.36282587051391602
SN: 2008gl 65 1 VOID 3 0 20.22842 4.8053100000000004 0.033539999276399612 0.00016300000424962491 0.032462000846862793 0.00016300000424962491 0.032720804214477539 0.00087625300511717796 -75.150001525878906 250 0 0 0.024346334859728813 1 1 0 -9 -9 -9 -9 -999 -999 -9 -9 -9 10.795999526977539 0.028999999165534973 -9999 -9999 -0.36100000143051147 9.6389999389648438 -11.156999588012695 9.6390438079833984 1.6519999504089355 -999 999 999 999 999 999 999 999 999 999 999 999 999 999 999 999 999 999 999 999 999 999 999 999 999 999 999 999 999 999 999 -999 -999 -999 -999 -999 -999 -999 -999 -999 -999 -999 -999 -999 -999 -999 99 99 99 99 99 99 99 99 99 99 99 99 99 99 99 54768.609375 90.794624328613281 90.794578552246094 90.7945556640625 664.41168212890625 bcdeiABCD 0 54768.609375 0.095452040433883667 -1.2913891077041626 0.052406705915927887 -0.024139545857906342 0.0098257595673203468 16.520456314086914 0.010829000733792782 0.0044240248389542103 4.4124684791313484e-05 1.7846581613412127e-05 -5.5125337894423865e-07 -3.0881065526955354e-07 124 44.350631713867188 1 0.437919020652771
SN: 2008hj 65 1 VOID 3 0 1.00796 -11.168749999999999 0.037613000720739365 0.0001500000071246177 0.036430001258850098 0.0001500000071246177 0.036817312240600586 0.0008771880529820919 -111.98999786376953 250 0 0 0.030861565843224525 1 1 0 -9 -9 -9 -9 -999 -999 -9 -9 -9 10.203000068664551 0.061999998986721039 -9999 -9999 -2.2630000114440918 0.43900001049041748 -12.465999603271484 0.44335651397705078 0.92100000381469727 -999 999 999 999 999 999 999 999 999 999 999 999 999 999 999 999 999 999 999 999 999 999 999 999 999 999 999 999 999 999 999 -999 -999 -999 -999 -999 -999 -999 -999 -999 -999 -999 -999 -999 -999 -999 99 99 99 99 99 99 99 99 99 99 99 99 99 99 99 54801.6015625 87.467941284179688 87.467880249023438 87.467872619628906 666.15802001953125 bcdeiABCD 0 54802.35546875 0.081224627792835236 0.30547809600830078 0.069777354598045349 -0.057961434125900269 0.0097940089181065559 16.498064041137695 0.011082051321864128 0.00451621413230896 4.6096756705082953e-05 8.198204159270972e-05 -8.6179653635554132e-07 -3.0931278161006048e-07 91 43.260841369628906 0.99999487400054932 0.21839557588100433
SN: 2009ad 65 1 VOID 3 0 75.889080000000007 6.6599199999999996 0.02840300090610981 4.9999998736893758e-06 0.028340000659227371 4.9999998736893758e-06 0.028444528579711914 0.0008575362735427916 -30.489999771118164 250 0 0 0.096049323678016663 1 1 0 -9 -9 -9 -9 -999 -999 -9 -9 -9 10.451999664306641 0.085000000894069672 -9999 -9999 0.50800001621246338 8.1059999465942383 -9.944000244140625 8.1064453125 1.2799999713897705 -999 999 999 999 999 999 999 999 999 999 999 999 999 999 999 999 999 999 999 999 999 999 999 999 999 999 999 999 999 999 999 -999 -999 -999 -999 -999 -999 -999 -999 -999 -999 -999 -999 -999 -999 -999 99 99 99 99 99 99 99 99 99 99 99 99 99 99 99 54885.55078125 90.795143127441406 90.795036315917969 90.794891357421875 687.93804931640625 bcdeiABCD 0 54886.95703125 0.066558502614498138 0.25003635883331299 0.054340504109859467 -0.045252632349729538 0.010268781334161758 15.897279739379883 0.021220996975898743 0.0078539494425058365 0.00015350748435594141 6.010339711792767e-05 -1.4557680287907715e-06 -1.1312412198094535e-06 126 80.083038330078125 0.99951910972595215 0.17233631014823914
SN: 2008gp 5 1 VOID 3 0 50.753039999999999 1.36189 0.033027000725269318 0.00020300000323913991 0.032446000725030899 0.00020300000323913991 0.033334136009216309 0.00088455429067835212 -257.67001342773438 250 0 0 0.10369352996349335 1 1 0 -9 -9 -9 -9 -999 -999 -9 -9 -9 10.640999794006348 0.046999998390674591 -9999 -9999 0.6940000057220459 4.2620000839233398 -9.9469995498657227 4.2622590065002441 1.184999942779541 -999 999 999 999 999 999 999 999 999 999 999 999 999 999 999 999 999 999 999 999 999 999 999 999 999 999 999 999 999 999 999 -999 -999 -999 -999 -999 -999 -999 -999 -999 -999 -999 -999 -999 -999 -999 99 99 99 99 99 99 99 99 99 99 99 99 99 99 99 54779.76953125 87.468299865722656 87.467926025390625 87.467864990234375 673.8927001953125 bcdei 0 54779.79296875 0.073622271418571472 -0.07439587265253067 0.052077218890190125 -0.088948234915733337 0.012425195425748825 16.142400741577148 0.0230206698179245 0.0062667131423950195 0.00013287199544720352 2.8578591809491627e-05 -9.3302202230916009e-07 -1.1064099680879735e-06 95 56.515922546386719 0.99941140413284302 0.29752936959266663
SN: 2004gc 5 1 VOID 3 0 80.458119999999994 6.6760299999999999 0.031922999769449234 5.999999848427251e-05 0.031959999352693558 5.999999848427251e-05 0.032669663429260254 0.00086262956028804183 -206.03999328613281 250 0 0 0.17722854018211365 1 1 0 -9 -9 -9 -9 -999 -999 -9 -9 -9 10.300999641418457 0.13500000536441803 -9999 -9999 0.41499999165534973 4.4070000648498535 -9.8859996795654297 4.4090671539306641 1.3240000009536743 -999 999 999 999 999 999 999 999 999 999 999 999 999 999 999 999 999 999 999 999 999 999 999 999 999 999 999 999 999 999 999 -999 -999 -999 -999 -999 -999 -999 -999 -999 -999 -999 -999 -999 -999 -999 99 99 99 99 99 99 99 99 99 99 99 99 99 99 99 53330.78125 83.966667175292969 83.966621398925781 80.401435852050781 608.552978515625 bcdeh 0 53326.71484375 0.25238755345344543 -0.70005577802658081 0.063068747520446777 0.11379216611385345 0.015520943328738213 16.553859710693359 0.039502277970314026 0.004289987962692976 0.00015608238754794002 -9.9452707218006253e-05 1.2746104403049685e-06 -1.8818874423232046e-06 93 120.27886962890625 0.030033553019165993 0.44533929228782654
SN: 2005ku 5 1 VOID 3 0 344.927528 -0.013729999999999999 0.04524800181388855 7.0000000960135367e-06 0.043970998376607895 7.9999999798019417e-06 0.044391036033630371 0.00087059289216995239 -120.59999847412109 250 0 0 0.046251006424427032 1 1 0 -9 -9 -9 -9 -999 -999 -9 -9 -9 9.9280004501342773 0.12600000202655792 -9999 -9999 0.063000001013278961 0.85699999332427979 -9.8649997711181641 0.86621302366256714 0.80199998617172241 -999 999 999 999 999 999 999 999 999 999 999 999 999 999 999 999 999 999 999 999 999 999 999 999 999 999 999 999 999 999 999 -999 -999 -999 -999 -999 -999 -999 -999 -999 -999 -999 -999 -999 -999 -999 99 99 99 99 99 99 99 99 99 99 99 99 99 99 99 53702.5703125 63.876792907714844 61.036140441894531 61.036106109619141 237.22065734863281 bcdeh 0 53699.53515625 0.3015168309211731 0.055939793586730957 0.18016037344932556 0.074608087539672852 0.014514808543026447 17.310718536376953 0.018324494361877441 0.0021365485154092312 3.6059562262380496e-05 0.00027666182722896338 2.6053135115944315e-07 -3.4694335226959083e-07 24 30.709102630615234 0.16234849393367767 0.24939167499542236
SN: 2006lu 5 1 VOID 3 0 138.82346000000001 -25.600079999999998 0.053401000797748566 9.0000001364387572e-05 0.054485999047756195 9.0000001364387572e-05 0.053463220596313477 0.00088391837198287249 291.1099853515625 250 0 0 0.099262304604053497 1 1 0 -9 -9 -9 -9 -999 -999 -9 -9 -9 10.246000289916992 0.087999999523162842 -9999 -9999 0.57899999618530273 3.749000072479248 -9.6669998168945312 3.7500326633453369 0.96700000762939453 -999 999 999 999 999 999 999 999 999 999 999 999 999 999 999 999 999 999 999 999 999 999 999 999 999 999 999 999 999 999 999 -999 -999 -999 -999 -999 -999 -999 -999 -999 -999 -999 -999 -999 -999 -999 99 99 99 99 99 99 99 99 99 99 99 99 99 99 99 54040.83984375 87.467887878417969 80.401344299316406 76.858482360839844 355.01617431640625 bcdei 0 54036.38671875 0.39675456285476685 0.31124764680862427 0.096456766128540039 -0.090490221977233887 0.015167092904448509 17.264305114746094 0.032128319144248962 0.00222986307926476 6.598449544981122e-05 -0.0001776823919499293 1.2632237940124469e-06 -7.4356250934215495e-07 52 33.044200897216797 0.98132628202438354 0.31897807121276855
SN: 2004gs 5 1 VOID 3 0 129.59657999999999 17.62772 0.027400000020861626 7.9999999798019417e-06 0.028294999152421951 7.9999999798019417e-06 0.028568625450134277 0.00085752148879691958 -79.75 250 0 0 0.026477247476577759 1 1 0 -9 -9 -9 -9 -999 -999 -9 -9 -9 10.605999946594238 0.12600000202655792 -9999 -9999 -0.12800000607967377 9.8719997406005859 -10.734000205993652 9.8728036880493164 1.4700000286102295 -999 999 999 999 999 999 999 999 999 999 999 999 999 999 999 999 999 999 999 999 999 999 999 999 999 999 999 999 999 999 999 -999 -999 -999 -999 -999 -999 -999 -999 -999 -999 -999 -999 -999 -999 -999 99 99 99 99 99 99 99 99 99 99 99 99 99 99 99 53357.76953125 87.467918395996094 87.46783447265625 83.966720581054688 601.6929931640625 bcdeh 0 53356.296875 0.10995277762413025 -1.9032982587814331 0.047376431524753571 0.15081003308296204 0.012522011995315552 16.894386291503906 0.013297710567712784 0.0031350599601864815 3.8397098251152784e-05 -5.7467418628220912e-06 -2.2879325456415245e-07 -3.4567224815873487e-07 120 127.17217254638672 0.30963426828384399 0.80945181846618652
SN: 2007jg 5 1 VOID 3 0 52.461727000000003 0.056827999999999997 0.037071000784635544 1.4000000192027073e-05 0.036524999886751175 1.2999999853491317e-05 0.037555456161499023 0.00086444476619362831 -297.739990234375 250 0 0 0.091279454529285431 1 1 0 -9 -9 -9 -9 -999 -999 -9 -9 -9 9.5209999084472656 0.12099999934434891 -9999 -9999 -0.49900001287460327 0.50400000810623169 -10.020000457763672 0.51832133531570435 1.4079999923706055 -999 999 999 999 999 999 999 999 999 999 999 999 999 999 999 999 999 999 999 999 999 999 999 999 999 999 999 999 999 999 999 -999 -999 -999 -999 -999 -999 -999 -999 -999 -999 -999 -999 -999 -999 -999 99 99 99 99 99 99 99 99 99 99 99 99 99 99 99 54368.83984375 87.467864990234375 83.966606140136719 76.858489990234375 495.88980102539062 bcdei 0 54366.97265625 0.15891143679618835 -0.4282565712928772 0.093018770217895508 -0.006867642980068922 0.013110801577568054 17.000167846679688 0.021547986194491386 0.0028440218884497881 5.6443677749484777e-05 9.7179952717851847e-05 -8.0982465533452341e-07 -5.0209217761221225e-07 66 41.084041595458984 0.99312657117843628 0.1445760577917099
SN: 2006py 5 1 VOID 3 0 340.42519600000003 -0.136905 0.057865001261234283 1.2000000424450263e-05 0.056582998484373093 1.2000000424450263e-05 0.056532502174377441 0.00088115496328100562 14.340000152587891 250 0 0 0.051703862845897675 1 1 0 -9 -9 -9 -9 -999 -999 -9 -9 -9 9.8000001907348633 0.14499999582767487 -9999 -9999 -0.2199999988079071 9.7799997329711914 -10.020000457763672 9.7810745239257812 1.3350000381469727 -999 999 999 999 999 999 999 999 999 999 999 999 999 999 999 999 999 999 999 999 999 999 999 999 999 999 999 999 999 999 999 -999 -999 -999 -999 -999 -999 -999 -999 -999 -999 -999 -999 -999 -999 -999 99 99 99 99 99 99 99 99 99 99 99 99 99 99 99 54073.53125 76.858268737792969 73.399528503417969 58.368434906005859 279.64642333984375 bcdei 0 54071.39453125 0.35394331812858582 0.13215383887290955 0.27052012085914612 0.016616616398096085 0.016007024794816971 17.620777130126953 0.019554484635591507 0.0016057902248576283 2.8920836484758183e-05 0.0018603057833388448 -1.0316801990484237e-06 -3.1338882422460301e-07 28 21.781097412109375 0.79132342338562012 0.070770233869552612
SN: 2004gu 5 1 VOID 3 0 191.60300000000001 11.948919999999999 0.045584999024868011 2.0999999833293259e-05 0.046700999140739441 2.0999999833293259e-05 0.046636343002319336 0.00087308522779494524 18.530000686645508 250 0 0 0.022829409688711166 1 1 0 -9 -9 -9 -9 -999 -999 -9 -9 -9 10.218999862670898 0.22400000691413879 -9999 -9999 0.082000002264976501 10.081999778747559 -10.13700008392334 10.084487915039062 1.4750000238418579 -999 999 999 999 999 999 999 999 999 999 999 999 999 999 999 999 999 999 999 999 999 999 999 999 999 999 999 999 999 999 999 -999 -999 -999 -999 -999 -999 -999 -999 -999 -999 -999 -999 -999 -999 -999 99 99 99 99 99 99 99 99 99 99 99 99 99 99 99 53363.859375 80.401634216308594 80.401412963867188 73.400604248046875 616.5853271484375 bcdeh 0 53363.06640625 0.15048658847808838 1.3948781490325928 0.078167229890823364 0.076191291213035583 0.011189639568328857 17.157556533813477 0.012229060754179955 0.0024602415505796671 2.7710639187716879e-05 -1.5825724403839558e-05 -3.2415306350230821e-07 -2.1545186257299065e-07 123 85.443382263183594 0.99597519636154175 0.5298004150390625
SN: 2007co 64 1 VOID 3 0 275.76499999999999 29.897110000000001 0.026959000155329704 0.00011000000085914508 0.026549000293016434 0.00011000000085914508 0.027309060096740723 0.00086306675802916288 -221.82000732421875 250 0 0 0.09734334796667099 1 1 0 -9 -9 -9 -9 -999 -999 -9 -9 -9 10.409000396728516 0.11100000143051147 -9999 -9999 0.11299999803304672 4.7930002212524414 -10.295999526977539 4.7942852973937988 0.96399998664855957 -999 999 999 999 999 999 999 999 999 999 999 999 999 999 999 999 999 999 999 999 999 999 999 999 999 999 999 999 999 999 999 -999 -999 -999 -999 -999 -999 -999 -999 -999 -999 -999 -999 -999 -999 -999 99 99 99 99 99 99 99 99 99 99 99 99 99 99 99 54267.40234375 89.980674743652344 83.019630432128906 71.882553100585938 565.97515869140625 qrst 0 54265.0859375 0.1013224720954895 -0.060403153300285339 0.092529416084289551 0.071863561868667603 0.013031288050115108 16.246784210205078 0.023385871201753616 0.0056922826915979385 0.00012260711810085922 0.00024336250498890877 -1.8560565422376385e-06 -1.1991076007689117e-06 99 92.390609741210938 0.66746330261230469 0.24038988351821899
SN: 2005ms 64 1 VOID 3 0 132.30975000000001 36.12997 0.025216000154614449 1.1000000085914508e-05 0.025949999690055847 1.1000000085914508e-05 0.026694774627685547 0.00085559935541823506 -217.49000549316406 250 0 0 0.029176771640777588 1 1 0 -9 -9 -9 -9 -999 -999 -9 -9 -9 10.329999923706055 0.10300000011920929 -9999 -9999 0.51899999380111694 0.29399999976158142 -9.810999870300293 0.31152045726776123 0.74599999189376831 -999 999 999 999 999 999 999 999 999 999 999 999 999 999 999 999 999 999 999 999 999 999 999 999 999 999 999 999 999 999 999 -999 -999 -999 -999 -999 -999 -999 -999 -999 -999 -999 -999 -999 -999 -999 99 99 99 99 99 99 99 99 99 99 99 99 99 99 99 53743.4921875 89.979377746582031 83.0201416015625 83.018646240234375 378.02447509765625 qrst 0 53744.05078125 0.10774901509284973 0.53247082233428955 0.10436493158340454 -0.035650309175252914 0.015407498925924301 15.888294219970703 0.020016621798276901 0.0079192183911800385 0.00014599863789044321 0.00035661653964780271 -7.2741099756967742e-06 -1.7884372027765494e-06 39 21.699325561523438 0.988697350025177 0.21359869837760925
SN: 2007ae 64 1 VOID 3 0 255.46646000000001 79.031829999999999 0.064989998936653137 0.00035700001171790063 0.064845003187656403 0.00035700001171790063 0.065325021743774414 0.00095704069826751947 -135.08999633789062 250 0 0 0.038528855890035629 1 1 0 -9 -9 -9 -9 -999 -999 -9 -9 -9 11.241999626159668 0.054999999701976776 -9999 -9999 1.6749999523162842 0.26600000262260437 -9.5670003890991211 0.27162659168243408 1.090999960899353 -999 999 999 999 999 999 999 999 999 999 999 999 999 999 999 999 999 999 999 999 999 999 999 999 999 999 999 999 999 999 999 -999 -999 -999 -999 -999 -999 -999 -999 -999 -999 -999 -999 -999 -999 -999 99 99 99 99 99 99 99 99 99 99 99 99 99 99 99 54157.53125 51.204830169677734 51.204128265380859 41.260013580322266 177.26847839355469 qrst 0 54153.6640625 0.64190638065338135 1.3542804718017578 0.22823430597782135 -0.0081528369337320328 0.017716748639941216 17.534235000610352 0.032992400228977203 0.0017390258144587278 5.2843992307316512e-05 0.00060197751736268401 -2.515221922294586e-06 -4.791307901541586e-07 44 41.285408020019531 0.58863604068756104 0.4522441029548645
SN: 2006on 64 1 VOID 3 0 328.99370199999998 -1.070198 0.071914002299308777 1.4999999621068127e-05 0.070676997303962708 1.4999999621068127e-05 0.070894598960876465 0.0008929520845413208 -60.919998168945312 250 0 0 0.12214131653308868 1 1 0 -9 -9 -9 -9 -999 -999 -9 -9 -9 10.168000221252441 0.11599999666213989 -9999 -9999 -0.55699998140335083 9.4429998397827148 -10.725000381469727 9.4437122344970703 1.3070000410079956 -999 999 999 999 999 999 999 999 999 999 999 999 999 999 999 999 999 999 999 999 999 999 999 999 999 999 999 999 999 999 999 -999 -999 -999 -999 -999 -999 -999 -999 -999 -999 -999 -999 -999 -999 -999 99 99 99 99 99 99 99 99 99 99 99 99 99 99 99 54061.19140625 29.662906646728516 27.343242645263672 25.35418701171875 86.888710021972656 qrst 0 54065.13671875 0.61219966411590576 -0.41489368677139282 0.60100948810577393 0.085347525775432587 0.047176588326692581 18.197956085205078 0.06158030778169632 0.00094366417033597827 5.3522329835686833e-05 0.017781386151909828 -2.0718289306387305e-05 -2.1136113446118543e-06 19 27.667842864990234 0.090032860636711121 0.31632557511329651
SN: 2007O 64 1 VOID 3 0 224.02158 45.404690000000002 0.03693699836730957 7.9999999798019417e-06 0.037324998527765274 7.9999999798019417e-06 0.038176774978637695 0.0008650511153973639 -245.94999694824219 250 0 0 0.019902283325791359 1 1 0 -9 -9 -9 -9 -999 -999 -9 -9 -9 10.758000373840332 0.046999998390674591 -9999 -9999 1.4479999542236328 0.31700000166893005 -9.3100004196166992 0.32046529650688171 0.89399999380111694 -999 999 999 999 999 999 999 999 999 999 999 999 999 999 999 999 999 999 999 999 999 999 999 999 999 999 999 999 999 999 999 -999 -999 -999 -999 -999 -999 -999 -999 -999 -999 -999 -999 -999 -999 -999 99 99 99 99 99 99 99 99 99 99 99 99 99 99 99 54128.515625 71.884010314941406 63.369644165039062 56.644947052001953 288.061767578125 qrst 0 54124.53515625 0.45758599042892456 -0.24650232493877411 0.12031769007444382 -0.065479494631290436 0.018939608708024025 16.47747802734375 0.033818516880273819 0.0046026622876524925 0.00014336375170387328 0.00027650897391140461 -2.9757322863588342e-06 -1.4132764363239403e-06 48 48.727638244628906 0.44357341527938843 0.2332189679145813
SN: 2006en 64 1 VOID 3 0 347.52107999999998 30.223330000000001 0.031980000436306 9.9999997473787516e-06 0.03081200085580349 9.9999997473787516e-06 0.031624555587768555 0.00085964117897674441 -236.14999389648438 250 0 0 0.055278439074754715 1 1 0 -9 -9 -9 -9 -999 -999 -9 -9 -9 10.913000106811523 0.14900000393390656 -9999 -9999 0.98400002717971802 10.984000205993652 -9.9289999008178711 10.985010147094727 1.0529999732971191 -999 999 999 999 999 999 999 999 999 999 999 999 999 999 999 999 999 999 999 999 999 999 999 999 999 999 999 999 999 999 999 -999 -999 -999 -999 -999 -999 -999 -999 -999 -999 -999 -999 -999 -999 -999 99 99 99 99 99 99 99 99 99 99 99 99 99 99 99 53977.375 71.882057189941406 67.360382080078125 63.367153167724609 265.05123901367188 qrst 0 53972.26171875 0.41603684425354004 0.10741883516311646 0.12497362494468689 0.048053581267595291 0.016916252672672272 16.52880859375 0.031692568212747574 0.0043901209719479084 0.00012814733781851828 -0.00027965538902208209 5.4126458053360693e-06 -1.8290885464011808e-06 41 40.717315673828125 0.48306667804718018 0.16413187980651855
SN: 2006az 64 1 VOID 3 0 183.06117 56.179389999999998 0.031029000878334045 1.1000000085914508e-05 0.03158000111579895 1.1000000085914508e-05 0.032007694244384766 0.0008602937450632453 -124.25 250 0 0 0.011931991204619408 1 1 0 -9 -9 -9 -9 -999 -999 -9 -9 -9 11.152000427246094 0.090999998152256012 -9999 -9999 -0.64999997615814209 9.3500003814697266 -11.802000045776367 9.3504428863525391 1.621999979019165 -999 999 999 999 999 999 999 999 999 999 999 999 999 999 999 999 999 999 999 999 999 999 999 999 999 999 999 999 999 999 999 -999 -999 -999 -999 -999 -999 -999 -999 -999 -999 -999 -999 -999 -999 -999 99 99 99 99 99 99 99 99 99 99 99 99 99 99 99 53825.28515625 77.054481506347656 71.882865905761719 63.368331909179688 482.41265869140625 qrst 0 53826.88671875 0.11658549308776855 -1.3311362266540527 0.058016598224639893 -0.063187725841999054 0.013157124631106853 16.221794128417969 0.015242929570376873 0.0058248201385140419 8.1776146544143558e-05 5.2447729103732854e-05 -9.1462527507246705e-07 -8.2878477769554593e-07 115 85.78900146484375 0.98094546794891357 0.49116557836532593
SN: 2006al 64 1 VOID 3 0 159.86775 5.1834199999999999 0.067801997065544128 1.9999999494757503e-05 0.069077998399734497 1.9999999494757503e-05 0.068862676620483398 0.00089171691797673702 60.409999847412109 250 0 0 0.022060135379433632 1 1 0 -9 -9 -9 -9 -999 -999 -9 -9 -9 10.048999786376953 0.12099999934434891 -9999 -9999 -9.3549995422363281 0.64499998092651367 -19.403999328613281 0.65625149011611938 1.3810000419616699 -999 999 999 999 999 999 999 999 999 999 999 999 999 999 999 999 999 999 999 999 999 999 999 999 999 999 999 999 999 999 999 -999 -999 -999 -999 -999 -999 -999 -999 -999 -999 -999 -999 -999 -999 -999 99 99 99 99 99 99 99 99 99 99 99 99 99 99 99 53791.3125 41.261226654052734 38.278594970703125 35.693401336669922 134.42422485351562 qrst 0 53787.47265625 0.64785432815551758 -1.3638210296630859 0.28191298246383667 -0.091447137296199799 0.025234593078494072 18.143295288085938 0.048403497785329819 0.00099238904658704996 4.42419623141177e-05 0.0019490509293973446 -3.2531013403058751e-06 -4.8127230911632068e-07 28 20.257656097412109 0.85489141941070557 0.5473436713218689
SN: 2007R 64 1 VOID 3 0 116.65637 44.789470000000001 0.030805999413132668 9.0000003183376975e-06 0.031257998198270798 9.0000003183376975e-06 0.031740784645080566 0.000860002008266747 -140.27999877929688 250 0 0 0.040228471159934998 1 1 0 -9 -9 -9 -9 -999 -999 -9 -9 -9 11.005000114440918 0.13500000536441803 -9999 -9999 0.63099998235702515 10.630999565124512 -10.37399959564209 10.631856918334961 1.3309999704360962 -999 999 999 999 999 999 999 999 999 999 999 999 999 999 999 999 999 999 999 999 999 999 999 999 999 999 999 999 999 999 999 -999 -999 -999 -999 -999 -999 -999 -999 -999 -999 -999 -999 -999 -999 -999 99 99 99 99 99 99 99 99 99 99 99 99 99 99 99 54129.2578125 71.884040832519531 63.367687225341797 56.644817352294922 279.3165283203125 qrst 0 54129.125 0.37554371356964111 -1.4529883861541748 0.12185794860124588 -0.10005481541156769 0.022671587765216827 16.400060653686523 0.040559757500886917 0.004942829255014658 0.00018464887398295105 0.0010084811365231872 -8.4111443356960081e-06 -2.2330621050059563e-06 55 51.691864013671875 0.60180878639221191 0.58805441856384277
SN: 2005eu 64 1 VOID 3 0 36.930250000000001 28.176829999999999 0.034490998834371567 0.004999999888241291 0.033686000853776932 0.004999999888241291 0.03516232967376709 0.0050737569108605385 -427.54998779296875 250 0 0 0.11305566132068634 1 1 0 -9 -9 -9 -9 -999 -999 -9 -9 -9 9.1459999084472656 0.028999999165534973 -9999 -9999 -0.30399999022483826 1.6510000228881836 -9.4499998092651367 1.6512546539306641 0.72200000286102295 -999 999 999 999 999 999 999 999 999 999 999 999 999 999 999 999 999 999 999 999 999 999 999 999 999 999 999 999 999 999 999 -999 -999 -999 -999 -999 -999 -999 -999 -999 -999 -999 -999 -999 -999 -999 99 99 99 99 99 99 99 99 99 99 99 99 99 99 99 53663.328125 53.788730621337891 51.20404052734375 44.739986419677734 293.48562622070312 qrst 0 53660.6484375 0.12749072909355164 1.1115535497665405 0.10586056113243103 -0.099818602204322815 0.021182771772146225 16.21122932434082 0.034347847104072571 0.0058817681856453419 0.00018607289530336857 0.00068143574753776193 -7.1606705205340404e-06 -3.3898841138579883e-06 91 96.09613037109375 0.33719274401664734 0.4979877769947052
SN: 2007cq 64 1 VOID 3 0 333.66845999999998 5.0802500000000004 0.026039000600576401 7.9999997979030013e-05 0.024814000353217125 7.9999997979030013e-05 0.025101065635681152 0.0008583177113905549 -83.970001220703125 250 0 0 0.093499265611171722 1 1 0 -9 -9 -9 -9 -999 -999 -9 -9 -9 9.741999626159668 0.16899999976158142 -9999 -9999 -0.27799999713897705 0.75099998712539673 -10.020000457763672 0.76978051662445068 0.77499997615814209 -999 999 999 999 999 999 999 999 999 999 999 999 999 999 999 999 999 999 999 999 999 999 999 999 999 999 999 999 999 999 999 -999 -999 -999 -999 -999 -999 -999 -999 -999 -999 -999 -999 -999 -999 -999 99 99 99 99 99 99 99 99 99 99 99 99 99 99 99 54280.3046875 83.019195556640625 77.053443908691406 67.359024047851562 422.74874877929688 qrst 0 54281.12109375 0.11194325983524323 -0.20654793083667755 0.18313708901405334 -0.0059406510554254055 0.015146976336836815 15.626945495605469 0.024957597255706787 0.010074463672935963 0.00023157964460551739 0.00094984681345522404 -1.4901381291565485e-05 -2.7411256269260775e-06 45 30.869298934936523 0.94628161191940308 0.071640446782112122
SN: 2006qo 64 1 VOID 3 0 120.03488 56.368810000000003 0.028373999521136284 8.2999998994637281e-05 0.028713999316096306 8.2999998994637281e-05 0.028979182243347168 0.00086183950770646334 -77.260002136230469 250 0 0 0.033937700092792511 1 1 0 -9 -9 -9 -9 -999 -999 -9 -9 -9 10.809000015258789 0.12399999797344208 -9999 -9999 0.61000001430511475 9.7489995956420898 -10.199000358581543 9.7497882843017578 1.5490000247955322 -999 999 999 999 999 999 999 999 999 999 999 999 999 999 999 999 999 999 999 999 999 999 999 999 999 999 999 999 999 999 999 -999 -999 -999 -999 -999 -999 -999 -999 -999 -999 -999 -999 -999 -999 -999 99 99 99 99 99 99 99 99 99 99 99 99 99 99 99 54092.29296875 67.359588623046875 59.820625305175781 56.64642333984375 351.47335815429688 qrst 0 54083.109375 0.1175597608089447 0.52394866943359375 0.073011592030525208 0.20334309339523315 0.014286519959568977 16.609594345092773 0.018844980746507645 0.0040753250941634178 7.0734880864620209e-05 0.00011224693298572674 -1.477206637900963e-06 -7.956271588227537e-07 60 55.086200714111328 0.65545916557312012 0.69994950294494629
SN: 2006cf 64 1 VOID 3 0 163.51075 46.02675 0.041459999978542328 1.2000000424450263e-05 0.042231999337673187 1.2000000424450263e-05 0.042682528495788574 0.00086918892338871956 -129.53999328613281 250 0 0 0.013727935962378979 1 1 0 -9 -9 -9 -9 -999 -999 -9 -9 -9 10.814999580383301 0.096000000834465027 -9999 -9999 1.0559999942779541 0.67699998617172241 -9.7589998245239258 0.68377262353897095 0.92500001192092896 -999 999 999 999 999 999 999 999 999 999 999 999 999 999 999 999 999 999 999 999 999 999 999 999 999 999 999 999 999 999 999 -999 -999 -999 -999 -999 -999 -999 -999 -999 -999 -999 -999 -999 -999 -999 99 99 99 99 99 99 99 99 99 99 99 99 99 99 99 53874.21484375 67.3609619140625 59.820400238037109 59.819229125976562 176.79103088378906 qrst 0 53874.203125 0.65665346384048462 -0.2371210902929306 0.28466027975082397 -0.1017163023352623 0.026080213487148285 16.789060592651367 0.042564291507005692 0.0034544272348284721 0.0001354244741378352 0.001458279206417501 -1.4448521596932551e-06 -2.7141109057993162e-06 10 17.02818489074707 0.073742642998695374 0.34814539551734924
SN: 2006te 64 1 VOID 3 0 122.92912 41.554670000000002 0.03154899924993515 7.9999999798019417e-06 0.032115001231431961 7.9999999798019417e-06 0.032897710800170898 0.00086070678662508726 -227.17999267578125 250 0 0 0.038913920521736145 1 1 0 -9 -9 -9 -9 -999 -999 -9 -9 -9 10.260000228881836 0.081000000238418579 -9999 -9999 0.61000001430511475 6.6810002326965332 -9.6499996185302734 6.6814908981323242 1.0829999446868896 -999 999 999 999 999 999 999 999 999 999 999 999 999 999 999 999 999 999 999 999 999 999 999 999 999 999 999 999 999 999 999 -999 -999 -999 -999 -999 -999 -999 -999 -999 -999 -999 -999 -999 -999 -999 99 99 99 99 99 99 99 99 99 99 99 99 99 99 99 54100.2578125 56.645664215087891 53.788444519042969 42.930580139160156 254.84870910644531 qrst 0 54097.3359375 0.39383524656295776 0.038890495896339417 0.11075261235237122 -0.042977716773748398 0.018216390162706375 16.316213607788086 0.029918534681200981 0.0053396755829453468 0.00014714004646521062 -1.5139235074457247e-05 -1.5974416101016686e-06 -1.4815102531429147e-06 55 46.796600341796875 0.77648794651031494 0.14384438097476959
SN: 2006oa 64 1 VOID 3 0 320.92893199999997 -0.84346900000000002 0.062570996582508087 1.1000000085914508e-05 0.061416000127792358 1.1000000085914508e-05 0.061533093452453613 0.00088517175754532218 -33.080001831054688 250 0 0 0.03487737849354744 1 1 0 -9 -9 -9 -9 -999 -999 -9 -9 -9 8.9090003967285156 0.46299999952316284 -9999 -9999 -0.125 0.20499999821186066 -9.0340003967285156 0.50635361671447754 0.67100000381469727 -999 999 999 999 999 999 999 999 999 999 999 999 999 999 999 999 999 999 999 999 999 999 999 999 999 999 999 999 999 999 999 -999 -999 -999 -999 -999 -999 -999 -999 -999 -999 -999 -999 -999 -999 -999 99 99 99 99 99 99 99 99 99 99 99 99 99 99 99 54062.10546875 53.78668212890625 48.855140686035156 48.854995727539062 230.23797607421875 qrst 0 54067.13671875 0.16183945536613464 1.4480518102645874 0.25236281752586365 -0.011391001753509045 0.016091348603367805 17.636814117431641 0.020789064466953278 0.0015822480199858546 3.0295992473838851e-05 0.0017336509190499783 -4.6572863539040554e-06 -3.9504402593593113e-07 51 42.877834320068359 0.78359246253967285 0.48417505621910095
SN: 2005lz 64 1 VOID 3 0 32.707329999999999 34.98283 0.046243000775575638 0.00014000000373926014 0.045409001410007477 0.00014000000373926014 0.046429753303527832 0.00088292540749534965 -292.45999145507812 250 0 0 0.077245093882083893 1 1 0 -9 -9 -9 -9 -999 -999 -9 -9 -9 11.038000106811523 0.26399999856948853 -9999 -9999 -10 0 -21.038000106811523 0.26399999856948853 1.468000054359436 -999 999 999 999 999 999 999 999 999 999 999 999 999 999 999 999 999 999 999 999 999 999 999 999 999 999 999 999 999 999 999 -999 -999 -999 -999 -999 -999 -999 -999 -999 -999 -999 -999 -999 -999 -999 99 99 99 99 99 99 99 99 99 99 99 99 99 99 99 53737.28125 59.818359375 56.642768859863281 51.204788208007812 190.81497192382812 qrst 0 53736.390625 0.17376792430877686 -1.2399982213973999 0.15314957499504089 0.048402711749076843 0.018170284107327461 17.368520736694336 0.026514735072851181 0.0020257758442312479 4.9471418606117368e-05 0.00022434353013522923 -2.3476986825698987e-06 -6.9930382551319781e-07 44 33.328495025634766 0.8795158863067627 0.44370633363723755
SN: 2006cq 64 1 VOID 3 0 201.10458 30.956309999999998 0.048439998179674149 1.7000000298139639e-05 0.049281999468803406 1.7000000298139639e-05 0.049438357353210449 0.00087515008635818958 -44.669998168945312 250 0 0 0.01287828478962183 1 1 0 -9 -9 -9 -9 -999 -999 -9 -9 -9 11.16100025177002 0.33500000834465027 -9999 -9999 0.085000000894069672 10.085000038146973 -11.076000213623047 10.09056282043457 1.3619999885559082 -999 999 999 999 999 999 999 999 999 999 999 999 999 999 999 999 999 999 999 999 999 999 999 999 999 999 999 999 999 999 999 -999 -999 -999 -999 -999 -999 -999 -999 -999 -999 -999 -999 -999 -999 -999 99 99 99 99 99 99 99 99 99 99 99 99 99 99 99 53891.24609375 67.361610412597656 63.370063781738281 63.366775512695312 214.51911926269531 qrst 0 53890.4375 0.54813647270202637 1.0212336778640747 0.42481178045272827 0.019441891461610794 0.018440961837768555 17.338930130004883 0.020907662808895111 0.0020817485637962818 4.0087543311528862e-05 0.0034670585300773382 -6.7492005655367393e-06 -5.9868415291930432e-07 16 10.52348518371582 0.83790016174316406 0.34652510285377502
SN: 2006mo 64 1 VOID 3 0 11.66062 36.332720000000002 0.037184998393058777 0.00015700000221841037 0.036157999187707901 0.00015700000221841037 0.037020206451416016 0.00087818893371149898 -249.25999450683594 250 0 0 0.038338962942361832 1 1 0 -9 -9 -9 -9 -999 -999 -9 -9 -9 10.762999534606934 0.082999996840953827 -9999 -9999 -1.2539999485015869 8.7460002899169922 -12.017000198364258 8.746394157409668 1.5410000085830688 -999 999 999 999 999 999 999 999 999 999 999 999 999 999 999 999 999 999 999 999 999 999 999 999 999 999 999 999 999 999 999 -999 -999 -999 -999 -999 -999 -999 -999 -999 -999 -999 -999 -999 -999 -999 99 99 99 99 99 99 99 99 99 99 99 99 99 99 99 54046.15234375 63.368423461914062 63.366138458251953 59.818210601806641 226.91787719726562 qrst 0 54047.4375 0.32526898384094238 -2.3319606781005859 0.14544373750686646 0.035914860665798187 0.02234233170747757 17.146320343017578 0.03452199324965477 0.0024858312681317329 7.9039324191398919e-05 0.00026995080406777561 -1.8967435835293145e-06 -1.0789913176267873e-06 29 27.368064880371094 0.55185437202453613 0.78648501634597778
SN: 2006S 64 1 VOID 3 0 191.41292000000001 35.086779999999997 0.032237999141216278 9.9999997473787516e-06 0.033098999410867691 9.9999997473787516e-06 0.033927083015441895 0.00086154823657125235 -240.1199951171875 250 0 0 0.014350674115121365 1 1 0 -9 -9 -9 -9 -999 -999 -9 -9 -9 10.451999664306641 0.10199999809265137 -9999 -9999 0.88599997758865356 7.1869997978210449 -9.5659999847412109 7.1877236366271973 0.98600000143051147 -999 999 999 999 999 999 999 999 999 999 999 999 999 999 999 999 999 999 999 999 999 999 999 999 999 999 999 999 999 999 999 -999 -999 -999 -999 -999 -999 -999 -999 -999 -999 -999 -999 -999 -999 -999 99 99 99 99 99 99 99 99 99 99 99 99 99 99 99 53768.5 77.054634094238281 71.885162353515625 63.369182586669922 458.22421264648438 qrst 0 53770.46484375 0.12155625224113464 0.98351180553436279 0.082523509860038757 0.035494696348905563 0.01321813277900219 16.574945449829102 0.014928222633898258 0.0042074746452271938 5.7850258599501103e-05 1.5834988516871817e-05 -1.232437512044271e-06 -6.0655111155938357e-07 81 52.951282501220703 0.99328678846359253 0.34853386878967285
SN: 2006gr 64 1 VOID 3 0 338.09446000000003 30.828690000000002 0.034669000655412674 9.0000003183376975e-06 0.033518999814987183 9.0000003183376975e-06 0.034280180931091309 0.00086188741261139512 -220.63999938964844 250 0 0 0.073194228112697601 1 1 0 -9 -9 -9 -9 -999 -999 -9 -9 -9 10.722000122070312 0.086000002920627594 -9999 -9999 0.98900002241134644 0.21400000154972076 -9.7329998016357422 0.23063391447067261 1.2220000028610229 -999 999 999 999 999 999 999 999 999 999 999 999 999 999 999 999 999 999 999 999 999 999 999 999 999 999 999 999 999 999 999 -999 -999 -999 -999 -999 -999 -999 -999 -999 -999 -999 -999 -999 -999 -999 99 99 99 99 99 99 99 99 99 99 99 99 99 99 99 54016.234375 83.021072387695312 67.360633850097656 59.820354461669922 429.754150390625 qrst 0 54013.35546875 0.089548692107200623 0.9426310658454895 0.085938632488250732 0.073383510112762451 0.013246972113847733 16.731237411499023 0.020245704799890518 0.003643387695774436 6.7938191932626069e-05 7.4510702688712627e-05 -1.2609363011506503e-06 -6.6969619183510076e-07 71 52.088348388671875 0.9552079439163208 0.39819973707199097
SN: 2003iv 63 1 VOID 3 0 42.530209999999997 12.84625 0.034262001514434814 0.00015999999595806003 0.03351299837231636 0.00015999999595806003 0.034912824630737305 0.00087656150572001934 -405.51998901367188 250 0 0 0.11791345477104187 1 1 0 -9 -9 -9 -9 -999 -999 -9 -9 -9 10.980999946594238 0.16300000250339508 -9999 -9999 0.89800000190734863 6.7309999465942383 -10.083000183105469 6.732973575592041 1.3630000352859497 -999 999 999 999 999 999 999 999 999 999 999 999 999 999 999 999 999 999 999 999 999 999 999 999 999 999 999 999 999 999 999 -999 -999 -999 -999 -999 -999 -999 -999 -999 -999 -999 -999 -999 -999 -999 99 99 99 99 99 99 99 99 99 99 99 99 99 99 99 52935.38671875 67.36102294921875 59.821620941162109 59.820930480957031 183.88844299316406 vwxy 0 52934.02734375 0.40371471643447876 -2.0229537487030029 0.28256425261497498 -0.052535694092512131 0.023696860298514366 16.785289764404297 0.034308779984712601 0.0034664417617022991 0.0001095380139304325 0.00092989322729408741 -2.9080597414576914e-06 -1.8224504856334534e-06 12 2.4649362564086914 0.99828630685806274 0.69668591022491455
SN: 2002bf 63 1 VOID 3 0 153.92628999999999 55.668529999999997 0.024375999346375465 7.0000000960135367e-06 0.024935999885201454 7.0000000960135367e-06 0.025249600410461426 0.0008547117467969656 -91.720001220703125 250 0 0 0.00963584054261446 1 1 0 -9 -9 -9 -9 -999 -999 -9 -9 -9 10.578000068664551 0.14399999380111694 -9999 -9999 0.050999999046325684 10.050999641418457 -10.527000427246094 10.052031517028809 1.2879999876022339 -999 999 999 999 999 999 999 999 999 999 999 999 999 999 999 999 999 999 999 999 999 999 999 999 999 999 999 999 999 999 999 -999 -999 -999 -999 -999 -999 -999 -999 -999 -999 -999 -999 -999 -999 -999 99 99 99 99 99 99 99 99 99 99 99 99 99 99 99 52342.32421875 63.368080139160156 59.820236206054688 44.741115570068359 162.31051635742188 vwxy 0 52338.55078125 0.82774364948272705 -2.3421778678894043 0.35375383496284485 -0.11447687447071075 0.087568551301956177 15.774234771728516 0.15449804067611694 0.0087964246049523354 0.0012517132563516498 0.021666288375854492 -0.00028870344976894557 -0.00011510783951962367 9 2.7152905464172363 0.97452235221862793 0.86899000406265259
SN: 2001az 63 1 VOID 3 0 248.61546000000001 76.029669999999996 0.040693998336791992 9.0000001364387572e-05 0.040592998266220093 9.0000001364387572e-05 0.04101264476776123 0.00087239412823691964 -120.83000183105469 250 0 0 0.043582998216152191 1 1 0 -9 -9 -9 -9 -999 -999 -9 -9 -9 10.52299976348877 0.079999998211860657 -9999 -9999 0.0040000001899898052 10.003999710083008 -10.519000053405762 10.00432014465332 1.3109999895095825 -999 999 999 999 999 999 999 999 999 999 999 999 999 999 999 999 999 999 999 999 999 999 999 999 999 999 999 999 999 999 999 -999 -999 -999 -999 -999 -999 -999 -999 -999 -999 -999 -999 -999 -999 -999 99 99 99 99 99 99 99 99 99 99 99 99 99 99 99 52034.40234375 59.819572448730469 56.646457672119141 51.204612731933594 190.87956237792969 vwxy 0 52031.81640625 0.75504803657531738 1.0789541006088257 0.42797130346298218 -0.051315035670995712 0.020447582006454468 16.731035232543945 0.032419268041849136 0.0036440615076571703 0.00010880894842557609 0.0041192811913788319 1.6245692677330226e-05 -1.2105876976420404e-06 19 8.7885332107543945 0.97682899236679077 0.39825525879859924
SN: 2003U 63 1 VOID 3 0 260.69024999999999 62.164000000000001 0.028100000694394112 4.9999998736893758e-06 0.027936000376939774 4.9999998736893758e-06 0.028325796127319336 0.00085719936760142446 -113.63999938964844 250 0 0 0.02548854798078537 1 1 0 -9 -9 -9 -9 -999 -999 -9 -9 -9 10.421999931335449 0.11599999666213989 -9999 -9999 1.2690000534057617 0.34900000691413879 -9.1529998779296875 0.36777302622795105 0.74800002574920654 -999 999 999 999 999 999 999 999 999 999 999 999 999 999 999 999 999 999 999 999 999 999 999 999 999 999 999 999 999 999 999 -999 -999 -999 -999 -999 -999 -999 -999 -999 -999 -999 -999 -999 -999 -999 99 99 99 99 99 99 99 99 99 99 99 99 99 99 99 52673.52734375 83.017852783203125 77.054084777832031 71.884117126464844 217.89463806152344 vwxy 0 52677.41796875 0.19133977591991425 -2.0386321544647217 0.47706705331802368 -0.012820920906960964 0.033528193831443787 16.248878479003906 0.045776594430208206 0.0056813093833625317 0.00023953424533829093 0.0089148720726370811 -7.918954361230135e-05 -7.2893667493190151e-06 13 3.001615047454834 0.99792850017547607 0.68088656663894653
SN: 2004L 63 1 VOID 3 0 156.76712000000001 16.018689999999999 0.032292000949382782 9.9999997473787516e-06 0.033443000167608261 9.9999997473787516e-06 0.033730745315551758 0.000861835025716573 -83.470001220703125 250 0 0 0.027381544932723045 1 1 0 -9 -9 -9 -9 -999 -999 -9 -9 -9 10.454000473022461 0.096000000834465027 -9999 -9999 0.69599997997283936 0.66299998760223389 -9.758000373840332 0.66991418600082397 0.92500001192092896 -999 999 999 999 999 999 999 999 999 999 999 999 999 999 999 999 999 999 999 999 999 999 999 999 999 999 999 999 999 999 999 -999 -999 -999 -999 -999 -999 -999 -999 -999 -999 -999 -999 -999 -999 -999 99 99 99 99 99 99 99 99 99 99 99 99 99 99 99 53034.421875 56.6458740234375 42.931186676025391 36.941471099853516 172.17410278320312 vwxy 0 53028.6015625 0.7670358419418335 -0.42826175689697266 0.1910969465970993 0.14237694442272186 0.022212810814380646 16.981866836547852 0.045671623200178146 0.002892365911975503 0.000121667719213292 -0.00075895607005804777 8.6787740656291135e-06 -2.1281152839947026e-06 24 37.374485015869141 0.040135618299245834 0.49559473991394043
SN: 2003ic 63 1 VOID 3 0 10.459289999999999 -9.3052799999999998 0.053107999265193939 1.5999999959603883e-05 0.051959000527858734 1.5999999959603883e-05 0.051262855529785156 0.00087736325804144144 198.52999877929688 250 0 0 0.032415594905614853 1 1 0 -9 -9 -9 -9 -999 -999 -9 -9 -9 11.579999923706055 0.14599999785423279 -9999 -9999 1.0529999732971191 11.053000450134277 -10.527000427246094 11.053964614868164 1.6009999513626099 -999 999 999 999 999 999 999 999 999 999 999 999 999 999 999 999 999 999 999 999 999 999 999 999 999 999 999 999 999 999 999 -999 -999 -999 -999 -999 -999 -999 -999 -999 -999 -999 -999 -999 -999 -999 99 99 99 99 99 99 99 99 99 99 99 99 99 99 99 52909.3125 53.788543701171875 44.741050720214844 35.693897247314453 109.94227600097656 vwxy 0 52906.27734375 0.94902539253234863 -1.5797270536422729 0.26076114177703857 -0.012048217467963696 0.027780462056398392 17.358783721923828 0.056982401758432388 0.0020440253429114819 0.0001072760351235047 -0.00032966892467811704 6.5560257098695729e-06 -1.9599492588895373e-06 15 15.96827220916748 0.38416343927383423 0.52810490131378174
SN: 2002hu 63 1 VOID 3 0 34.583579999999998 37.466329999999999 0.036699999123811722 0.0010000000474974513 0.03591499850153923 0.0010000000474974513 0.037045478820800781 0.0013214449863880873 -326.80999755859375 250 0 0 0.038388658314943314 1 1 0 -9 -9 -9 -9 -999 -999 -9 -9 -9 10.461000442504883 0.22699999809265137 -9999 -9999 0.039999999105930328 7.7709999084472656 -10.420999526977539 7.7743148803710938 1.0269999504089355 -999 999 999 999 999 999 999 999 999 999 999 999 999 999 999 999 999 999 999 999 999 999 999 999 999 999 999 999 999 999 999 -999 -999 -999 -999 -999 -999 -999 -999 -999 -999 -999 -999 -999 -999 -999 99 99 99 99 99 99 99 99 99 99 99 99 99 99 99 52591.2421875 89.977226257324219 77.054054260253906 67.359695434570312 370.07669067382812 vwxy 0 52592.66015625 0.16079071164131165 0.46445590257644653 0.14128084480762482 -0.051567934453487396 0.015083739534020424 16.413820266723633 0.019220318645238876 0.0048805880360305309 8.6398940766230226e-05 0.00079955672845244408 -5.7427437241130974e-06 -9.903716318149236e-07 39 26.35447883605957 0.93904536962509155 0.2313353568315506
SN: 2003it 63 1 VOID 3 0 1.4519599999999999 27.452670000000001 0.025281000882387161 9.0000003183376975e-06 0.024127999320626259 9.0000003183376975e-06 0.025102138519287109 0.00085405673598870635 -284.91000366210938 250 0 0 0.060801811516284943 1 1 0 -9 -9 -9 -9 -999 -999 -9 -9 -9 10.722000122070312 0.21899999678134918 -9999 -9999 0.64399999380111694 10.644000053405762 -10.078000068664551 10.646252632141113 1.4409999847412109 -999 999 999 999 999 999 999 999 999 999 999 999 999 999 999 999 999 999 999 999 999 999 999 999 999 999 999 999 999 999 999 -999 -999 -999 -999 -999 -999 -999 -999 -999 -999 -999 -999 -999 -999 -999 99 99 99 99 99 99 99 99 99 99 99 99 99 99 99 52932.21484375 51.203273773193359 44.740695953369141 35.693714141845703 150.60247802734375 vwxy 0 52935.11328125 0.55417633056640625 -1.8684899806976318 0.30273550748825073 0.058351561427116394 0.022935148328542709 16.137584686279297 0.028569765388965607 0.0062945750541985035 0.00016563372628297657 0.0014062138507142663 -1.3933840818936005e-05 -2.9989687391207553e-06 11 2.7336676120758057 0.99379813671112061 0.65249478816986084
SN: 2001ah 63 1 VOID 3 0 167.62424999999999 55.160829999999997 0.05776200070977211 1.4999999621068127e-05 0.058373000472784042 1.4999999621068127e-05 0.058860540390014648 0.00088269327534362674 -138.05999755859375 250 0 0 0.011074744164943695 1 1 0 -9 -9 -9 -9 -999 -999 -9 -9 -9 11.015000343322754 0.17000000178813934 -9999 -9999 0.64999997615814209 0.50499999523162842 -10.364999771118164 0.53284615278244019 0.98900002241134644 -999 999 999 999 999 999 999 999 999 999 999 999 999 999 999 999 999 999 999 999 999 999 999 999 999 999 999 999 999 999 999 -999 -999 -999 -999 -999 -999 -999 -999 -999 -999 -999 -999 -999 -999 -999 99 99 99 99 99 99 99 99 99 99 99 99 99 99 99 52002.34765625 63.367012023925781 48.853500366210938 46.70904541015625 160.30224609375 vwxy 0 52006.95703125 0.57733690738677979 1.5233747959136963 0.42660093307495117 -0.036561708897352219 0.019678372889757156 17.417360305786133 0.039947345852851868 0.0019366694614291191 7.1255621151067317e-05 0.0011760172201320529 -2.6111982151633129e-05 -6.7716115381699638e-07 24 15.946569442749023 0.88999491930007935 0.52221179008483887
SN: 2002he 63 1 VOID 3 0 124.99512 62.820329999999998 0.02440899983048439 7.9999997979030013e-05 0.024692000821232796 7.9999997979030013e-05 0.025192618370056152 0.00085821648826822639 -146.36000061035156 250 0 0 0.034068290144205093 1 1 0 -9 -9 -9 -9 -999 -999 -9 -9 -9 11.14900016784668 0.37200000882148743 -9999 -9999 -0.35899999737739563 9.6409997940063477 -11.508000373840332 9.6481742858886719 1.6210000514984131 -999 999 999 999 999 999 999 999 999 999 999 999 999 999 999 999 999 999 999 999 999 999 999 999 999 999 999 999 999 999 999 -999 -999 -999 -999 -999 -999 -999 -999 -999 -999 -999 -999 -999 -999 -999 99 99 99 99 99 99 99 99 99 99 99 99 99 99 99 52583.46484375 53.78900146484375 51.203693389892578 51.20343017578125 231.80471801757812 vwxy 0 52586.09765625 0.12312085926532745 -1.5882067680358887 0.23376935720443726 -0.021636240184307098 0.02970065176486969 16.025136947631836 0.048256855458021164 0.006981448270380497 0.00031029889942146838 0.0045426171272993088 -6.0872258472954854e-05 -8.3497543528210372e-06 28 13.433631896972656 0.99074399471282959 0.53429222106933594
SN: 2001eh 63 1 VOID 3 0 24.550419999999999 41.65522 0.037129998207092285 0.00015700000221841037 0.03626599907875061 0.00015700000221841037 0.037246584892272949 0.00087827752577140927 -283.42001342773438 250 0 0 0.054699912667274475 1 1 0 -9 -9 -9 -9 -999 -999 -9 -9 -9 10.965999603271484 0.20299999415874481 -9999 -9999 -1.7039999961853027 8.2959995269775391 -12.670000076293945 8.2984828948974609 1.3420000076293945 -999 999 999 999 999 999 999 999 999 999 999 999 999 999 999 999 999 999 999 999 999 999 999 999 999 999 999 999 999 999 999 -999 -999 -999 -999 -999 -999 -999 -999 -999 -999 -999 -999 -999 -999 -999 99 99 99 99 99 99 99 99 99 99 99 99 99 99 99 52169.32421875 71.884025573730469 59.821029663085938 56.644855499267578 348.743896484375 vwxy 0 52169.98046875 0.39116236567497253 1.4844951629638672 0.17528840899467468 -0.013487473130226135 0.014526164159178734 16.395929336547852 0.019856935366988182 0.004961677361279726 9.0743691544048488e-05 -0.00010582950199022889 6.1709096144113573e-07 -9.207974471792113e-07 40 28.004594802856445 0.92340117692947388 0.49686986207962036
SN: 2003ch 63 1 VOID 3 0 109.49133 9.6930300000000003 0.028325000777840614 0.00011999999696854502 0.02894899994134903 0.00011999999696854502 0.029193520545959473 0.0008663801709190011 -71.230003356933594 250 0 0 0.060351371765136719 1 1 0 -9 -9 -9 -9 -999 -999 -9 -9 -9 10.741000175476074 0.11699999868869781 -9999 -9999 0.32899999618530273 10.329000473022461 -10.411999702453613 10.329662322998047 1.4450000524520874 -999 999 999 999 999 999 999 999 999 999 999 999 999 999 999 999 999 999 999 999 999 999 999 999 999 999 999 999 999 999 999 -999 -999 -999 -999 -999 -999 -999 -999 -999 -999 -999 -999 -999 -999 -999 99 99 99 99 99 99 99 99 99 99 99 99 99 99 99 52729.16015625 71.884849548339844 71.882926940917969 67.360458374023438 227.13996887207031 vwxy 0 52726.04296875 0.31982132792472839 -1.2523022890090942 0.1747986227273941 -0.026923339813947678 0.017929291352629662 16.446895599365234 0.024982212111353874 0.0047341459430754185 0.00010893018043134362 -0.00012464373139664531 7.1276667767961044e-07 -1.3477655329552363e-06 19 24.324712753295898 0.18399021029472351 0.42697224020957947
SN: 2004as 63 1 VOID 3 0 171.41325000000001 22.830390000000001 0.031392998993396759 1.4999999621068127e-05 0.032496001571416855 1.4999999621068127e-05 0.032964825630187988 0.00086111796554177999 -136.07000732421875 250 0 0 0.013177438639104366 1 1 0 -9 -9 -9 -9 -999 -999 -9 -9 -9 8.680999755859375 0.2070000022649765 -9999 -9999 1.0429999828338623 1.9390000104904175 -7.6380000114440918 1.9500179290771484 -0.057999998331069946 -999 999 999 999 999 999 999 999 999 999 999 999 999 999 999 999 999 999 999 999 999 999 999 999 999 999 999 999 999 999 999 -999 -999 -999 -999 -999 -999 -999 -999 -999 -999 -999 -999 -999 -999 -999 99 99 99 99 99 99 99 99 99 99 99 99 99 99 99 53088.24609375 51.204170227050781 44.740245819091797 38.27886962890625 202.40406799316406 vwxy 0 53086.15234375 0.19528758525848389 0.32547420263290405 0.19504663348197937 0.048846185207366943 0.018891016021370888 16.70454216003418 0.023240363225340843 0.003734072670340538 7.9928446211852133e-05 0.00076758232899010181 -6.6397556111041922e-06 -1.2866768202002277e-06 23 19.342208862304688 0.68119341135025024 0.19565513730049133
SN: 2001ay 63 1 VOID 3 0 216.57083 26.248830000000002 0.030252000316977501 9.0000003183376975e-06 0.030931999906897545 9.0000003183376975e-06 0.030846595764160156 0.00085973017849028111 24.840000152587891 250 0 0 0.016252379864454269 1 1 0 -9 -9 -9 -9 -999 -999 -9 -9 -9 10.633000373840332 0.10400000214576721 -9999 -9999 0.67400002479553223 0.63200002908706665 -9.9589996337890625 0.64049983024597168 1.1619999408721924 -999 999 999 999 999 999 999 999 999 999 999 999 999 999 999 999 999 999 999 999 999 999 999 999 999 999 999 999 999 999 999 -999 -999 -999 -999 -999 -999 -999 -999 -999 -999 -999 -999 -999 -999 -999 99 99 99 99 99 99 99 99 99 99 99 99 99 99 99 52022.42578125 83.019294738769531 83.018699645996094 77.053550720214844 307.08218383789062 vwxy 0 52023.8359375 0.38938143849372864 2.2775912284851074 0.20473253726959229 0.20392744243144989 0.020067295059561729 16.483165740966797 0.026014609262347221 0.0045786080881953239 0.00010970501170959324 -0.00042425369611009955 -3.3424205412302399e-06 -1.6227295418502763e-06 24 40.940742492675781 0.016908032819628716 1.0190442800521851
SN: 2003fa 63 1 VOID 3 0 266.03217000000001 40.881 0.04038500040769577 0.00011700000322889537 0.040148001164197922 0.00011700000322889537 0.040563702583312988 0.00087522377725690603 -119.77999877929688 250 0 0 0.033686529844999313 1 1 0 -9 -9 -9 -9 -999 -999 -9 -9 -9 10.833000183105469 0.19900000095367432 -9999 -9999 0.53899997472763062 5.314000129699707 -10.293999671936035 5.3177247047424316 1.0579999685287476 -999 999 999 999 999 999 999 999 999 999 999 999 999 999 999 999 999 999 999 999 999 999 999 999 999 999 999 999 999 999 999 -999 -999 -999 -999 -999 -999 -999 -999 -999 -999 -999 -999 -999 -999 -999 99 99 99 99 99 99 99 99 99 99 99 99 99 99 99 52801.1875 89.981216430664062 77.054130554199219 67.360679626464844 455.072998046875 vwxy 0 52807.47265625 0.095923237502574921 1.5615681409835815 0.12848812341690063 -0.016803430393338203 0.015240969136357307 16.482370376586914 0.020147856324911118 0.0045819655060768127 8.5026898887008429e-05 0.0007699620327912271 -6.8431031650106888e-06 -1.0425438858874259e-06 63 36.033363342285156 0.99750006198883057 0.52352762222290039
SN: 2007sw 65 1 VOID 3 0 183.40367000000001 46.493360000000003 0.02427699975669384 5.999999848427251e-05 0.024999000132083893 5.999999848427251e-05 0.025172829627990723 0.00085683900397270918 -50.840000152587891 250 0 0 0.01613822765648365 1 1 0 -9 -9 -9 -9 -999 -999 -9 -9 -9 10.482999801635742 0.1550000011920929 -9999 -9999 0.50099998712539673 0.76200002431869507 -9.9820003509521484 0.77760463953018188 1.0709999799728394 -999 999 999 999 999 999 999 999 999 999 999 999 999 999 999 999 999 999 999 999 999 999 999 999 999 999 999 999 999 999 999 -999 -999 -999 -999 -999 -999 -999 -999 -999 -999 -999 -999 -999 -999 -999 99 99 99 99 99 99 99 99 99 99 99 99 99 99 99 54470.5 45.871318817138672 39.682754516601562 34.965141296386719 194.21450805664062 ABCD 0 54467.96875 0.3172798752784729 0.46710678935050964 0.1275750994682312 0.059657610952854156 0.018106594681739807 15.973814964294434 0.025852276012301445 0.0073193726129829884 0.00017428031424060464 7.3961062298621982e-05 5.2876401923640515e-07 -2.661285634530941e-06 68 68.848770141601562 0.44843041896820068 0.25256282091140747
SN: 2007is 65 1 VOID 3 0 251.81079 40.243580000000001 0.029526000842452049 9.9999997473787516e-06 0.029529999941587448 9.9999997473787516e-06 0.028661847114562988 0.00085857231169939041 253.02000427246094 250 0 0 0.017483403906226158 1 1 0 -9 -9 -9 -9 -999 -999 -9 -9 -9 10.651000022888184 0.14699999988079071 -9999 -9999 0.63099998235702515 0.65499997138977051 -10.020000457763672 0.67129278182983398 1.0920000076293945 -999 999 999 999 999 999 999 999 999 999 999 999 999 999 999 999 999 999 999 999 999 999 999 999 999 999 999 999 999 999 999 -999 -999 -999 -999 -999 -999 -999 -999 -999 -999 -999 -999 -999 -999 -999 99 99 99 99 99 99 99 99 99 99 99 99 99 99 99 54368.1015625 49.751312255859375 47.618621826171875 45.249187469482422 135.78952026367188 ABCD 0 54366.37890625 0.56790876388549805 -0.084785670042037964 0.19038371741771698 -0.0037978058680891991 0.020476231351494789 16.155973434448242 0.03098456934094429 0.006188864354044199 0.00017661684250924736 -0.00085360620869323611 1.020902163872961e-05 -2.8064016532880487e-06 19 28.171466827392578 0.080183833837509155 0.030967622995376587
SN: 2007kk 65 1 VOID 3 0 55.596919999999997 39.241779999999999 0.041770000010728836 0.00015999999595806003 0.041296001523733139 0.00015999999595806003 0.04284977912902832 0.00088294351007789373 -446.69000244140625 250 0 0 0.19586499035358429 1 1 0 -9 -9 -9 -9 -999 -999 -9 -9 -9 11.055000305175781 0.082999996840953827 -9999 -9999 1.2699999809265137 0.38899999856948853 -9.7849998474121094 0.39775621891021729 0.83600002527236938 -999 999 999 999 999 999 999 999 999 999 999 999 999 999 999 999 999 999 999 999 999 999 999 999 999 999 999 999 999 999 999 -999 -999 -999 -999 -999 -999 -999 -999 -999 -999 -999 -999 -999 -999 -999 99 99 99 99 99 99 99 99 99 99 99 99 99 99 99 54384.5 48.781471252441406 45.249687194824219 41.493583679199219 251.16976928710938 ABCD 0 54383.5390625 0.33629411458969116 0.96629226207733154 0.14608883857727051 -0.0051345396786928177 0.01732298731803894 16.700824737548828 0.041754759848117828 0.0037468811497092247 0.00014409588766284287 -7.1193360781762749e-05 4.9114447620013379e-07 -1.9383323888177983e-06 92 78.767791748046875 0.83567464351654053 0.32255181670188904
SN: 2009do 65 1 VOID 3 0 188.74312 50.851219999999998 0.039641000330448151 1.1000000085914508e-05 0.040272001177072525 1.1000000085914508e-05 0.040989279747009277 0.00086754135554656386 -206.58000183105469 250 0 0 0.012732456438243389 1 1 0 -9 -9 -9 -9 -999 -999 -9 -9 -9 10.729999542236328 0.19499999284744263 -9999 -9999 0.14000000059604645 10.140000343322754 -10.590000152587891 10.141875267028809 1.4249999523162842 -999 999 999 999 999 999 999 999 999 999 999 999 999 999 999 999 999 999 999 999 999 999 999 999 999 999 999 999 999 999 999 -999 -999 -999 -999 -999 -999 -999 -999 -999 -999 -999 -999 -999 -999 -999 99 99 99 99 99 99 99 99 99 99 99 99 99 99 99 54948.30078125 57.14306640625 54.054229736328125 43.290252685546875 277.16311645507812 ABCD 0 54946.2734375 0.28117841482162476 -0.81327992677688599 0.10635700821876526 -0.013319826684892178 0.015732888132333755 16.873756408691406 0.020991366356611252 0.0031951982527971268 6.1775208450853825e-05 0.00019264267757534981 6.1954331442848343e-08 -7.0476590963153285e-07 56 63.39044189453125 0.23203468322753906 0.27470511198043823
SN: 2007hu 65 1 VOID 3 0 254.12483 27.977889999999999 0.035181000828742981 1.1000000085914508e-05 0.035183001309633255 1.1000000085914508e-05 0.035508513450622559 0.00086329801706597209 -94.25 250 0 0 0.039322681725025177 1 1 0 -9 -9 -9 -9 -999 -999 -9 -9 -9 10.987000465393066 0.026000000536441803 -9999 -9999 -2.3420000076293945 7.6579999923706055 -13.329000473022461 7.6580443382263184 1.6610000133514404 -999 999 999 999 999 999 999 999 999 999 999 999 999 999 999 999 999 999 999 999 999 999 999 999 999 999 999 999 999 999 999 -999 -999 -999 -999 -999 -999 -999 -999 -999 -999 -999 -999 -999 -999 -999 99 99 99 99 99 99 99 99 99 99 99 99 99 99 99 54358.19921875 29.586000442504883 21.597978591918945 16.313253402709961 55.081912994384766 ABCD 0 54355.43359375 0.078870207071304321 -1.7559558153152466 0.53612947463989258 0.2577042281627655 0.049297861754894257 17.580066680908203 0.086973495781421661 0.0016671445919200778 0.00013354753900784999 0.0089144492521882057 -2.1064586690044962e-05 -4.4991188588028308e-06 14 16.876079559326172 0.26284179091453552 1.0394724607467651
SN: 2009bv 65 1 VOID 3 0 196.83528999999999 35.784390000000002 0.03667299821972847 6.2999999499879777e-05 0.037484999746084213 6.2999999499879777e-05 0.038481712341308594 0.00086743832798674703 -287.73001098632812 250 0 0 0.0075810584239661694 1 1 0 -9 -9 -9 -9 -999 -999 -9 -9 -9 10.371999740600586 0.097999997437000275 -9999 -9999 0.53600001335144043 0.50300002098083496 -9.8360004425048828 0.51245778799057007 0.86900001764297485 -999 999 999 999 999 999 999 999 999 999 999 999 999 999 999 999 999 999 999 999 999 999 999 999 999 999 999 999 999 999 999 -999 -999 -999 -999 -999 -999 -999 -999 -999 -999 -999 -999 -999 -999 -999 99 99 99 99 99 99 99 99 99 99 99 99 99 99 99 54925.19921875 64.517333984375 63.291099548339844 45.872203826904297 297.28097534179688 ABCD 0 54927.46484375 0.12558487057685852 0.51200437545776367 0.12695500254631042 -0.073154710233211517 0.015498928725719452 16.631004333496094 0.018057677894830704 0.003995752427726984 6.645629764534533e-05 0.00072648428613319993 -5.6295534704986494e-06 -7.5877693461734452e-07 51 50.771976470947266 0.48265781998634338 0.29764065146446228
SN: 2007ob 65 1 VOID 3 0 348.10829000000001 13.913690000000001 0.033890001475811005 9.0000003183376975e-06 0.032625999301671982 9.0000003183376975e-06 0.032431244850158691 0.00086114276200532913 56.590000152587891 250 0 0 0.0583479143679142 1 1 0 -9 -9 -9 -9 -999 -999 -9 -9 -9 10.083000183105469 0.046999998390674591 -9999 -9999 -0.27099999785423279 9.7290000915527344 -10.354000091552734 9.7291135787963867 1.5399999618530273 -999 999 999 999 999 999 999 999 999 999 999 999 999 999 999 999 999 999 999 999 999 999 999 999 999 999 999 999 999 999 999 -999 -999 -999 -999 -999 -999 -999 -999 -999 -999 -999 -999 -999 -999 -999 99 99 99 99 99 99 99 99 99 99 99 99 99 99 99 54408.1015625 33.003021240234375 31.745609283447266 27.471973419189453 101.46875 ABCD 0 54402.9296875 0.60856044292449951 -0.3578396737575531 0.2415165901184082 0.23049028217792511 0.024481158703565598 17.080179214477539 0.051321867853403091 0.0026419730857014656 0.00012488392530940473 0.0016676236409693956 -9.2440377557068132e-06 -1.7757831756171072e-06 32 29.375616073608398 0.60003429651260376 0.77750492095947266
SN: 2008gb 65 1 VOID 3 0 44.488039999999998 46.865720000000003 0.037000998854637146 9.0000001364387572e-05 0.036410000175237656 9.0000001364387572e-05 0.037958145141601562 0.0008689246024005115 -447.19000244140625 250 0 0 0.1705431193113327 1 1 0 -9 -9 -9 -9 -999 -999 -9 -9 -9 10.38700008392334 0.043000001460313797 -9999 -9999 0.94199997186660767 1.8830000162124634 -9.4449996948242188 1.8834909200668335 0.89800000190734863 -999 999 999 999 999 999 999 999 999 999 999 999 999 999 999 999 999 999 999 999 999 999 999 999 999 999 999 999 999 999 999 -999 -999 -999 -999 -999 -999 -999 -999 -999 -999 -999 -999 -999 -999 -999 99 99 99 99 99 99 99 99 99 99 99 99 99 99 99 54748.5 34.722137451171875 34.1298828125 32.257797241210938 135.47933959960938 ABCD 0 54747.01953125 0.49614593386650085 0.096390478312969208 0.22538776695728302 -0.0029140869155526161 0.020130811259150505 16.802755355834961 0.041530925780534744 0.0034111293498426676 0.00013048046093899757 3.1634397601010278e-05 3.8681473597534932e-06 -1.948907993210014e-06 44 16.844276428222656 0.99993026256561279 0.033566374331712723
SN: 2008050 65 1 VOID 3 0 204.19828999999999 5.1417799999999998 0.045258000493049622 0.00019999999494757503 0.046273000538349152 0.00019999999494757503 0.046250700950622559 0.00089510553516447544 6.3899998664855957 250 0 0 0.022802874445915222 1 1 0 -9 -9 -9 -9 -999 -999 -9 -9 -9 9.6149997711181641 0.076999999582767487 -9999 -9999 0.17000000178813934 2.1400001049041748 -9.4449996948242188 2.1413848400115967 0.89800000190734863 -999 999 999 999 999 999 999 999 999 999 999 999 999 999 999 999 999 999 999 999 999 999 999 999 999 999 999 999 999 999 999 -999 -999 -999 -999 -999 -999 -999 -999 -999 -999 -999 -999 -999 -999 -999 99 99 99 99 99 99 99 99 99 99 99 99 99 99 99 54619.1015625 43.102970123291016 35.71466064453125 30.769161224365234 145.6051025390625 ABCD 0 54621.046875 0.41399496793746948 1.4852913618087769 0.30006593465805054 0.039216253906488419 0.024963226169347763 16.915376663208008 0.034432124346494675 0.0030750292353332043 9.7518888651393354e-05 0.003082020441070199 -1.307569800701458e-05 -2.1265925624902593e-06 42 36.752460479736328 0.70010364055633545 0.51206356287002563
SN: 2008051 65 1 VOID 3 0 229.99549999999999 4.9046399999999997 0.037767000496387482 5.999999848427251e-05 0.0383480004966259 5.999999848427251e-05 0.038726210594177246 0.00086794357048347592 -109.18000030517578 250 0 0 0.036680717021226883 1 1 0 -9 -9 -9 -9 -999 -999 -9 -9 -9 9.1009998321533203 0.079000003635883331 -9999 -9999 -0.17299999296665192 0.50999999046325684 -9.2740001678466797 0.51608234643936157 0.86299997568130493 -999 999 999 999 999 999 999 999 999 999 999 999 999 999 999 999 999 999 999 999 999 999 999 999 999 999 999 999 999 999 999 -999 -999 -999 -999 -999 -999 -999 -999 -999 -999 -999 -999 -999 -999 -999 99 99 99 99 99 99 99 99 99 99 99 99 99 99 99 54618.30078125 57.143459320068359 53.473800659179688 45.45477294921875 226.63580322265625 ABCD 0 54617.13671875 0.35021013021469116 0.76073658466339111 0.15541046857833862 -0.10606111586093903 0.017223566770553589 16.39472770690918 0.026147430762648582 0.0049671703018248081 0.00011962274584220722 0.0004227850295137614 -6.7539406245487044e-07 -1.5636663874829537e-06 54 33.467990875244141 0.98732197284698486 0.43507549166679382
SN: 2010ag 66 1 VOID 3 0 255.97345999999999 31.501719999999999 0.033404000103473663 1.5999999959603883e-05 0.033360999077558517 1.5999999959603883e-05 0.033349752426147461 0.00086185714462772012 3.2400000095367432 250 0 0 0.026404647156596184 1 1 0 -9 -9 -9 -9 -999 -999 -9 -9 -9 10.569999694824219 0.13400000333786011 -9999 -9999 0.63499999046325684 1.187999963760376 -9.9350004196166992 1.1955333948135376 1.2519999742507935 -999 999 999 999 999 999 999 999 999 999 999 999 999 999 999 999 999 999 999 999 999 999 999 999 999 999 999 999 999 999 999 -999 -999 -999 -999 -999 -999 -999 -999 -999 -999 -999 -999 -999 -999 -999 99 99 99 99 99 99 99 99 99 99 99 99 99 99 99 55270.5 70.922378540039062 69.444007873535156 60.606437683105469 296.832275390625 EFGH 0 55271.25390625 0.27861404418945312 0.80915266275405884 0.14395543932914734 0.12042388319969177 0.017098613083362579 16.465133666992188 0.02338692918419838 0.0046552913263440132 0.00010027571261161938 0.00066830427385866642 -4.8175293159147259e-06 -1.4005094044478028e-06 39 40.046768188476562 0.42352309823036194 0.48361131548881531
SN: 2010dt 66 1 VOID 3 0 250.81117 32.675109999999997 0.052864998579025269 1.7000000298139639e-05 0.052914999425411224 1.7000000298139639e-05 0.053157806396484375 0.00087817903840914369 -69.120002746582031 250 0 0 0.029098488390445709 1 1 0 -9 -9 -9 -9 -999 -999 -9 -9 -9 10.689999580383301 0.22100000083446503 -9999 -9999 0.43700000643730164 10.437000274658203 -10.253000259399414 10.439339637756348 1.125 -999 999 999 999 999 999 999 999 999 999 999 999 999 999 999 999 999 999 999 999 999 999 999 999 999 999 999 999 999 999 999 -999 -999 -999 -999 -999 -999 -999 -999 -999 -999 -999 -999 -999 -999 -999 99 99 99 99 99 99 99 99 99 99 99 99 99 99 99 55355.30078125 39.062793731689453 38.759712219238281 26.109556198120117 78.226638793945312 EFGH 0 55361.90234375 0.6394500732421875 1.546425461769104 1.2439075708389282 -0.051310256123542786 0.06610463559627533 17.447711944580078 0.098315641283988953 0.0018832824425771832 0.00017053508781827986 0.033909134566783905 -0.00014630537771154195 -9.4472516138921492e-06 3 1.5941970348358154 0.66070634126663208 0.54310899972915649
SN: 2010dw 66 1 VOID 3 0 230.66795999999999 -5.9210799999999999 0.038116998970508575 0.0001500000071246177 0.0387130007147789 0.0001500000071246177 0.039024472236633301 0.00087906379485502839 -89.870002746582031 250 0 0 0.080211266875267029 1 1 0 -9 -9 -9 -9 -999 -999 -9 -9 -9 10.192000389099121 0.10100000351667404 -9999 -9999 -0.44800001382827759 9.5520000457763672 -10.640000343322754 9.5525341033935547 1.375 -999 999 999 999 999 999 999 999 999 999 999 999 999 999 999 999 999 999 999 999 999 999 999 999 999 999 999 999 999 999 999 -999 -999 -999 -999 -999 -999 -999 -999 -999 -999 -999 -999 -999 -999 -999 99 99 99 99 99 99 99 99 99 99 99 99 99 99 99 55361.19921875 53.477714538574219 53.475116729736328 50.760787963867188 231.07437133789062 EFGH 0 55358.1015625 0.40844017267227173 0.80142182111740112 0.18274708092212677 0.081288695335388184 0.016656156629323959 16.888275146484375 0.024011831730604172 0.0031527515966445208 6.9725356297567487e-05 -8.2737082266248763e-05 -1.3165106338419719e-07 -8.4485412799040205e-07 25 16.590822219848633 0.89609611034393311 0.38050580024719238
