# VERSION_PHOTOMETRY:  DES-SN5YR_DES 
# SNANA_VERSION: 2fe0f564 
# TABLE_NAME:    FITRES 
# 
VARNAMES:  CID IDSURVEY TYPE FIELD CUTFLAG_SNANA ERRFLAG_FIT zHEL zHELERR zCMB zCMBERR zHD zHDERR VPEC VPECERR MWEBV HOST_NMATCH HOST_NMATCH2 HOST_OBJID HOST_ZPHOT HOST_ZPHOTERR HOST_ZSPEC HOST_ZSPECERR HOST_RA HOST_DEC HOST_ANGSEP HOST_DDLR HOST_CONFUSION HOST_LOGMASS HOST_LOGMASS_ERR HOST_LOGSFR HOST_LOGSFR_ERR HOST_LOGsSFR HOST_LOGsSFR_ERR HOST_COLOR HOST_COLOR_ERR HOST_SBFLUXCAL_g HOST_SBFLUXCAL_r HOST_SBFLUXCAL_i HOST_SBFLUXCAL_z HOST_SBMAG_g HOST_SBMAG_r HOST_SBMAG_i HOST_SBMAG_z PKMJDINI SNRMAX1 SNRMAX2 SNRMAX3 PKMJD PKMJDERR x1 x1ERR c cERR mB mBERR x0 x0ERR COV_x1_c COV_x1_x0 COV_c_x0 NDOF FITCHI2 FITPROB 
#
SN: 1700105 10 0 C3 3 0 0.76588 0.00100 0.76518 0.00100 0.76518 0.00203 0 300 7.05564e-03 1 1 117599 -9 -9 0.76590 1.00000e-03 52.414812 -28.440268 0.66100 0.82400 -9 10.62800 8.00000e-03 0.89700 0.13900 -9.73300e+00 0.14738 1.11300 -999 2.92000 8.03000 19 26.83000 26.33654 25.23821 24.30312 23.92845 57791.0625 13.14066 12.71142 7.11548 57781.7539 1.0049 -9.31471e-01 0.91020 0.18629 7.55888e-02 24.24666 5.23177e-02 3.59200e-06 1.73085e-07 1.95736e-02 -7.81056e-08 -2.28940e-09 15 10.08121 0.81460
SN: 1652139 10 0 C3 3 0 0.78334 0.00100 0.78266 0.00100 0.78266 0.00205 0 300 6.12620e-03 1 2 -25122 -9 -9 0.78330 1.00000e-03 53.220968 -28.031461 0.86900 0.55700 -3.92631e+00 11.08400 1.20000e-02 1.19600 0.29900 -9.88500e+00 0.30755 1.35000 -999 2.25000 11.54000 35.76000 50.88000 26.61954 24.84449 23.61651 23.23363 57763.1250 17.18143 14.13990 10.63871 57762.6094 0.5611 9.38371e-02 0.49807 4.53013e-02 4.74445e-02 24.08523 4.24278e-02 4.16783e-06 1.62868e-07 5.13284e-03 -5.48491e-08 -5.97132e-10 25 12.56385 0.98141
SN: 1397029 10 0 C1 3 0 0.35991 0.00100 0.35942 0.00100 0.35942 0.00169 0 300 9.40231e-03 1 2 49434 -9 -9 0.35990 1.00000e-03 54.640052 -27.672644 0.45500 0.64400 -3.14954e+00 9.27300 3.40000e-02 0.26800 0.78800 -8.98300e+00 0.79578 0.61100 -999 5.24000 13.95000 18.23000 23.58000 25.70167 24.63857 24.34803 24.06864 57645.2461 15.71038 14.19557 12.58284 57654.5938 0.4928 -9.26398e-02 0.44964 -7.90773e-02 3.73120e-02 22.70375 5.48743e-02 1.48765e-05 7.51873e-07 5.55247e-03 -2.15771e-07 -1.93197e-08 57 87.58797 5.70076e-03
SN: 1718059 10 0 C3 3 0 0.24690 0.00100 0.24642 0.00100 0.24642 0.00160 0 300 8.15264e-03 1 2 118272 -9 -9 0.24690 1.00000e-03 52.709957 -28.887574 3.23600 0.66400 -3.46292e+00 8.96400 2.10000e-02 0.95300 0.15300 -8.00600e+00 0.17802 -3.10000e-02 -999 7.46000 9.41000 11.04000 10.13000 25.31815 25.06603 24.89258 24.98598 57789.0703 27.43007 24.66385 21.38356 57793.3438 1.2448 3.01108 1.54673 -2.81671e-02 4.76395e-02 22.75143 9.17890e-02 1.42373e-05 1.20363e-06 1.44152e-02 -6.13208e-07 -3.62346e-08 8 7.93538 0.43981
SN: 1701055 10 0 C3 3 0 0.26446 0.00100 0.26396 0.00100 0.26396 0.00161 0 300 6.71944e-03 1 1 117281 -9 -9 0.26450 1.00000e-03 52.244401 -28.944373 0.50100 0.36000 -9 10.21700 1.30000e-02 0.57800 7.50000e-02 -9.66800e+00 9.85951e-02 0.55800 -999 76.53000 177.08000 278.20001 351.82001 22.79042 21.87958 21.38911 21.13420 57778.1367 77.12349 42.88728 13.74743 57778.3867 0.6988 2.85339 0.74102 0.10090 4.76964e-02 21.82046 5.79846e-02 3.35595e-05 1.79227e-06 1.29549e-02 -5.92353e-07 -7.89599e-08 10 21.91310 1.55535e-02
SN: 1519038 10 0 C1 3 0 0.11992 0.00100 0.11948 0.00100 0.11948 0.00150 0 300 7.32375e-03 1 1 -23996 -9 -9 0.11990 1.00000e-03 53.196007 -27.119045 2.88400 0.96200 -9 10.94200 1.30000e-02 1.45700 0.41400 -9.47700e+00 0.41516 1.02900 -999 156.96001 282.22000 445.82001 510.29001 22.01053 21.37353 20.87710 20.73046 57703.0586 123.24455 121.63811 68.99859 57702.2812 0.1293 -1.00049e-01 0.12062 7.57166e-02 1.77061e-02 19.38123 2.25067e-02 3.17329e-04 6.57807e-06 4.05980e-04 -4.22120e-07 -8.07915e-08 25 64.83372 2.18526e-05
SN: 1480038 10 1 X2 3 0 0.33530 0.00100 0.33423 0.00100 0.33423 0.00167 0 300 2.08897e-02 1 1 103731 -9 -9 0.33530 1.00000e-03 35.783585 -6.791717 0.51800 0.49300 -9 10.45900 1.30000e-02 0.93600 0.37700 -9.50700e+00 0.37783 1.04600 -999 31.66000 105.62000 165.13000 215.77000 23.74872 22.44063 21.95543 21.66502 57681.0977 27.31788 20.78349 16.13302 57680.4727 0.2973 0.80200 0.24303 -1.64695e-02 2.04084e-02 21.70284 2.93616e-02 3.73995e-05 1.01140e-06 7.62712e-04 -1.62313e-07 -1.03947e-08 53 39.26105 0.91996
SN: 1434201 10 0 X1 3 0 0.26423 0.00100 0.26317 0.00100 0.26317 0.00161 0 300 1.77147e-02 1 1 101045 -9 -9 0.26420 1.00000e-03 33.973610 -4.228872 1.88700 1.44400 -9 9.73100 3.60000e-02 1.31600 0.38900 -8.41900e+00 0.39818 0.28700 -999 17.73000 25.31000 37.85000 34.17000 24.37823 23.99177 23.55484 23.66589 57657.2266 9.41761 9.19245 8.96929 57655.4844 1.0043 -4.75083e-01 0.86088 0.22450 6.54474e-02 23.32808 8.08795e-02 8.37081e-06 6.23565e-07 1.51034e-02 -2.17819e-07 -2.81418e-08 54 74.66389 3.27345e-02
SN: 1442085 10 0 S2 3 0 0.63476 0.00100 0.63355 0.00100 0.63355 0.00192 0 300 2.99513e-02 1 1 -20555 -9 -9 0.63480 1.00000e-03 41.011193 -0.765134 0.55400 0.71100 -9 10.52900 3.50000e-02 0.69200 0.54100 -9.83600e+00 0.56035 0.97300 -999 5.93000 19.96000 43.13000 59.70000 25.56736 24.24960 23.41305 23.06006 57663.3125 8.76027 7.58699 6.25021 57666.1875 1.1021 -1.47661e+00 0.90830 4.01056e-03 9.45909e-02 23.60666 9.02369e-02 6.47641e-06 5.38262e-07 9.20942e-03 -2.61821e-07 -2.24277e-08 46 57.67040 0.11604
SN: 1564017 10 0 E1 3 0 0.65916 0.00100 0.65792 0.00100 0.65792 0.00194 0 300 5.88166e-03 2 2 107404 -9 -9 0.65920 1.00000e-03 6.612773 -42.903025 0.26800 0.34500 -3.49745e+00 10.64700 3.60000e-02 -1.39500e+00 1.36900 -1.20350e+01 1.37333 1.37900 -999 3.26000 19.30000 52.28000 75.02000 26.21696 24.28611 23.20416 22.81206 57730.0508 7.56685 7.39162 6.50201 57713.3789 1.2753 0.12178 0.85155 -3.74472e-02 7.12072e-02 23.50180 6.83255e-02 7.13312e-06 4.48888e-07 9.99795e-03 -2.38505e-07 -1.29504e-08 35 33.28474 0.55106
SN: 1257112 10 0 E2 3 0 0.37099 0.00100 0.37001 0.00100 0.37001 0.00170 0 300 5.45593e-03 1 1 9819 -9 -9 0.37100 1.00000e-03 10.021671 -43.859146 5.30000e-02 5.00000e-02 -9 10.47700 8.00000e-03 2.13900 1.00000e-03 -8.30100e+00 1.00000e-03 0.43400 -999 92.17000 205.72000 290.16000 405.82999 22.58853 21.71681 21.34341 20.97914 56609.0273 35.34138 11.88752 10.31853 56610.1680 0.5113 1.50754 0.64529 -9.57148e-02 2.86070e-02 21.55164 7.28917e-02 4.29877e-05 2.88601e-06 -4.39906e-03 -1.54303e-06 2.74966e-08 14 34.28613 1.87280e-03
SN: 1402076 10 0 X3 3 0 0.89762 0.00100 0.89611 0.00100 0.89611 0.00214 0 300 2.41700e-02 1 2 49416 -9 -9 0.89760 1.00000e-03 36.740018 -4.144964 0.61700 0.62700 -3.64220e+00 9.84600 1.90000e-02 1.78400 0.39400 -8.04300e+00 0.40576 0.10000 -999 5.87000 9.72000 16.35000 20.21000 25.57841 25.03083 24.46621 24.23608 57670.1055 11.37749 8.38891 -99 57653.8945 1.2429 1.32432 0.82807 -5.77133e-03 0.12150 24.39829 6.10538e-02 3.12380e-06 1.75659e-07 1.66462e-02 -1.00187e-07 -6.79264e-09 29 17.62871 0.95149
SN: 1377086 10 0 E1 3 0 0.33213 0.00100 0.33115 0.00100 0.33115 0.00167 0 300 6.58634e-03 1 2 -20063 -9 -9 0.33210 1.00000e-03 8.320797 -43.408614 0.21800 0.26800 -4.84401e+00 9.71300 1.80000e-02 1.21500 0.15800 -8.48800e+00 0.16121 0.43400 -999 32.69000 69.99000 89.80000 107.42000 23.71396 22.88741 22.61681 22.42229 57642.1406 15.79954 14.79357 10.59707 57640.5547 0.3933 0.49965 0.46220 -2.70974e-02 3.02888e-02 22.66615 4.43653e-02 1.54008e-05 6.29305e-07 5.12130e-03 -2.10242e-07 -1.08576e-08 61 111.65257 8.20285e-05
SN: 1302123 10 0 C3 3 0 0.29207 0.00100 0.29156 0.00100 0.29156 0.00163 0 300 7.60981e-03 1 1 26314 -9 -9 0.29210 1.00000e-03 52.453431 -28.578407 0.73600 0.76600 -9 10.49700 1.20000e-02 0.94300 0.13600 -9.53800e+00 0.14422 0.96000 -999 64.42000 173.71001 257.39001 327.60999 22.97745 21.90044 21.47352 21.21161 56960.3008 72.96089 46.60964 33.58260 56960.5703 0.2664 -8.40534e-01 0.18433 -4.83539e-02 2.20943e-02 21.50369 2.90728e-02 4.49286e-05 1.20306e-06 1.05497e-03 -1.23052e-07 -1.85606e-08 26 20.16781 0.78354
SN: 1318661 10 0 C2 3 0 0.34498 0.00100 0.34451 0.00100 0.34451 0.00168 0 300 9.62841e-03 1 1 24335 -9 -9 0.34500 1.00000e-03 55.129572 -28.489968 0.37600 0.26000 -9 10.79300 2.30000e-02 0.61600 10.61600 -1.01970e+01 10.61636 1.49400 -999 33.26000 147.94000 245.13000 325.23001 23.69519 22.07479 21.52651 21.21952 57004.0430 20.59638 16.58727 10.98687 57007.1914 0.7755 -2.43209e+00 0.56046 1.77507e-02 3.82047e-02 22.44075 6.04162e-02 1.89539e-05 1.05470e-06 4.21734e-03 -1.75740e-07 -1.86649e-08 50 58.03937 0.20316
SN: 1291408 10 0 E2 3 0 0.34818 0.00100 0.34721 0.00100 0.34721 0.00168 0 300 5.41323e-03 1 1 29357 -9 -9 0.34820 1.00000e-03 9.867333 -43.877473 1.39900 0.84100 -9 11.20700 0.10900 0.36900 4.70000e-02 -1.09680e+01 8.10247e-02 1.42500 -999 37.09000 135.08000 256.63000 270.95001 23.57686 22.17352 21.47673 21.41778 56887.2148 51.37766 48.27890 35.41566 56881.6094 1.6746 -7.58029e-01 0.38755 -1.73668e-01 3.53502e-02 21.52981 8.13249e-02 4.38607e-05 3.28530e-06 -3.09915e-03 4.69686e-07 -1.02775e-07 26 27.60929 0.37795
SN: 1292040 10 0 S1 3 0 0.16979 0.00100 0.16897 0.00100 0.16897 0.00154 0 300 7.52535e-02 1 1 31352 -9 -9 0.16980 1.00000e-03 43.095717 0.621717 1.80500 1.21400 -9 9.63600 2.10000e-02 1.29300 0.43300 -8.19800e+00 0.43300 0.33100 -999 37.50000 57.83000 78.54000 77.51000 23.56492 23.09462 22.76227 22.77661 56915.2812 30.22841 21.39596 19.73634 56910.2617 0.4351 -1.46813e+00 0.38435 8.45239e-02 5.44855e-02 21.35225 8.79880e-02 5.16534e-05 4.18599e-06 7.59758e-03 -8.27477e-07 -1.90372e-07 25 36.03227 7.11116e-02
SN: 1293006 10 0 X1 3 0 0.50562 0.00012 0.50436 0.00012 0.50436 0.00151 0 300 1.64399e-02 1 1 35060 -9 -9 0.50560 1.00000e-04 33.761365 -5.317504 0.67100 0.47800 -9 11.18000 3.00000e-02 0.86600 10.86600 -1.02940e+01 10.86630 1.46300 -999 13.94000 68.26000 150.16000 184.22000 24.63934 22.91459 22.05861 21.83666 56903.2266 14.58929 7.47384 5.32136 56902.5898 1.1379 -1.40880e+00 0.61149 -2.15035e-01 8.47336e-02 22.61841 7.81007e-02 1.60930e-05 1.15762e-06 -2.08335e-03 -2.48810e-07 -5.52854e-08 28 19.54155 0.88060
SN: 1320278 10 0 S2 3 0 0.57622 0.00100 0.57508 0.00100 0.57508 0.00187 0 300 3.07821e-02 1 2 33348 -9 -9 0.57620 1.00000e-03 41.941750 -0.525902 0.57700 0.53900 -4.09742e+00 10.97800 1.40000e-02 1.02000 1.70000e-02 -9.93500e+00 3.71214e-02 0.72700 -999 20.16000 62.21000 119.16000 163.59000 24.23877 23.01535 22.30967 21.96561 57019.0469 10.93599 6.74682 5.07853 57021.6328 0.7293 -1.35890e+00 0.80154 -4.29053e-02 9.54997e-02 23.06245 9.29915e-02 1.06910e-05 9.15669e-07 2.65273e-02 -4.99456e-07 -5.28142e-08 26 13.29984 0.98112
SN: 1262899 10 0 C1+C3 3 0 0.77759 0.00100 0.77692 0.00100 0.77692 0.00204 0 300 7.27852e-03 1 3 6255 -9 -9 0.77760 1.00000e-03 53.595094 -27.713660 7.80000e-02 0.10700 -6.16083e+00 10.13800 6.90000e-02 1.72100 2.80000e-02 -8.39400e+00 3.82099e-02 0.30900 -999 15.56000 26.04000 44.29000 67.16000 24.51998 23.96090 23.38424 22.93222 56646.0664 13.72216 10.84374 -99 56646.7422 0.7231 -2.42330e+00 0.61036 0.24687 0.10900 24.23211 6.72917e-02 3.64048e-06 2.25629e-07 -1.21147e-03 -4.92760e-08 -1.77656e-08 43 52.99379 0.14128
SN: 1292997 10 0 X3 3 0 0.41562 0.00100 0.41447 0.00100 0.41447 0.00173 0 300 2.09852e-02 1 2 38112 -9 -9 0.41560 1.00000e-03 35.598253 -4.873073 1.26900 0.88200 -2.96971e+00 11.00700 3.40000e-02 0.65000 0.65500 -1.03810e+01 0.66200 1.47500 -999 10.78000 58.02000 88.88000 132.67999 24.91845 23.09106 22.62799 22.19299 56890.3672 32.60769 31.82940 -99 56892.0000 1.6957 -1.03942e-01 0.64838 -2.66207e-02 6.70799e-02 22.25641 6.69821e-02 2.24612e-05 1.38570e-06 -1.29057e-03 -3.55484e-07 -7.23143e-08 11 19.36960 5.47732e-02
SN: 1318689 10 0 C2 3 0 0.49392 0.00100 0.49338 0.00100 0.49338 0.00180 0 300 1.34456e-02 1 2 24844 -9 -9 0.49390 1.00000e-03 53.997479 -29.956131 0.48300 0.97300 -3.14000e+00 8.74300 6.20000e-02 -1.24000e-01 0.42100 -8.89500e+00 0.49534 0.12900 -999 2.14000 5.37000 5.98000 7.66000 26.67397 25.67506 25.55825 25.28943 57011.0859 32.79677 16.79558 12.24973 57014.4023 0.7095 0.62169 0.52688 -3.33741e-02 4.62392e-02 22.78502 4.78581e-02 1.38036e-05 6.08448e-07 4.36412e-03 -1.69878e-07 -1.93793e-08 34 38.74556 0.26410
SN: 1291346 10 0 X1+X2 3 0 0.29876 0.00100 0.29770 0.00100 0.29770 0.00164 0 300 2.20011e-02 1 2 35746 -9 -9 0.29880 1.00000e-03 35.233311 -5.433486 2.66300 2.21100 -1.83817e+00 9.97700 1.50000e-02 1.10400 4.00000e-02 -8.84500e+00 6.96348e-02 0.51900 -999 2.84000 11.83000 15.35000 19.31000 26.36670 24.81754 24.53473 24.28555 56891.4102 53.40213 45.80290 29.51925 56896.6055 0.2651 0.42272 0.22505 -1.29569e-02 1.84951e-02 21.31291 2.60346e-02 5.35592e-05 1.28429e-06 1.11568e-03 -1.67813e-07 -1.62171e-08 43 66.80473 1.14927e-02
SN: 1300516 10 1 X1 3 0 0.31151 0.00100 0.31042 0.00100 0.31042 0.00165 0 300 1.84644e-02 1 1 34657 -9 -9 0.31150 1.00000e-03 34.546402 -5.010082 0.17700 0.23600 -9 9.75300 1.20000e-02 0.13000 0.28800 -9.62400e+00 0.29284 1.13200 -999 9.02000 29.28000 47.32000 62.20000 25.11198 23.83357 23.31239 23.01552 56949.1016 43.38128 39.54168 36.35992 56949.4922 0.2449 0.80821 0.20989 0.14925 1.75924e-02 21.77754 2.26044e-02 3.49127e-05 7.26862e-07 6.74427e-04 -7.83474e-08 -8.62935e-09 46 55.28244 0.16407
SN: 1302188 10 0 C3 3 0 0.34950 0.00100 0.34895 0.00100 0.34895 0.00168 0 300 9.17031e-03 1 1 27117 -9 -9 0.34950 1.00000e-03 52.253184 -27.181614 0.36700 0.43200 -9 8.73200 9.00000e-03 -2.96000e-01 4.60000e-02 -9.01000e+00 8.96939e-02 5.00000e-03 -999 5.67000 12.24000 13.88000 17.79000 25.61604 24.78055 24.64403 24.37456 56987.2344 80.17131 74.72643 60.12996 56969.8203 0.4254 1.72730 0.25446 2.30433e-04 1.82969e-02 21.68572 3.09088e-02 3.79938e-05 1.08161e-06 7.00388e-04 -1.64111e-07 -1.21632e-08 24 43.30143 9.18755e-03
SN: 1291149 10 0 X2 3 0 0.23156 0.00100 0.23057 0.00100 0.23057 0.00159 0 300 2.32434e-02 1 1 36455 -9 -9 0.23160 1.00000e-03 35.334318 -7.257593 0.36200 0.38400 -9 10.14400 9.00000e-03 0.94100 0.13500 -9.19600e+00 0.13509 0.79900 -999 109.65000 203.02000 311.20999 371.16000 22.39998 21.73115 21.26737 21.07610 56960.2305 11.71791 9.39529 5.84776 56958.7188 0.9386 -4.97766e-01 0.72991 -8.67014e-02 6.31442e-02 22.80461 6.72326e-02 1.35567e-05 8.39480e-07 5.96442e-03 -3.42455e-07 -1.94168e-08 35 54.69643 1.81219e-02
SN: 1291511 10 0 E2 3 0 0.37325 0.00100 0.37228 0.00100 0.37228 0.00170 0 300 6.52791e-03 1 1 31043 -9 -9 0.37330 1.00000e-03 9.433378 -44.809761 0.10700 0.16300 -9 9.80200 1.50000e-02 -2.70000e-02 0.17500 -9.83500e+00 0.18500 1.08100 -999 4.23000 20.94000 39.28000 50.87000 25.93415 24.19756 23.51457 23.23384 56887.2148 47.28410 35.75745 31.33935 56885.1836 1.7416 -1.83648e-01 0.46915 -2.61273e-02 3.05769e-02 21.99361 5.19238e-02 2.86125e-05 1.36835e-06 -4.82100e-03 2.29633e-07 -2.46167e-08 28 30.51133 0.33920
SN: 1304841 10 0 E2 3 0 0.74249 0.00100 0.74126 0.00100 0.74126 0.00201 0 300 6.08347e-03 1 1 30714 -9 -9 0.74250 1.00000e-03 10.004323 -44.418731 0.29700 0.37300 -9 11.05000 5.10000e-02 0.54600 0.90500 -1.05320e+01 0.95991 1.60600 -999 1.74000 10.21000 34.61000 50.31000 26.89863 24.97744 23.65200 23.24586 56960.1797 7.41141 6.92132 5.06145 56956.1055 1.1932 -1.11592e+00 0.90077 5.01026e-03 9.46964e-02 23.94891 7.46744e-02 4.72536e-06 3.25000e-07 1.47869e-02 -1.74013e-07 -3.90444e-09 36 33.50310 0.58793
SN: 1291580 10 0 C2 3 0 0.31315 0.00100 0.31268 0.00100 0.31268 0.00165 0 300 1.09366e-02 1 2 24850 -9 -9 0.31310 1.00000e-03 54.131523 -29.701796 0.69200 0.74200 -3.12875e+00 10.06300 9.00000e-03 0.85800 1.90000e-02 -9.19600e+00 1.90000e-02 0.80000 -999 32.87000 77.48000 113.93000 151.50999 23.70800 22.77703 22.35841 22.04890 56890.3984 19.06802 16.03224 14.28047 56902.3633 0.6680 3.16410 0.61130 0.18204 4.15815e-02 22.55503 7.12222e-02 1.70604e-05 1.11913e-06 4.60755e-03 -4.75302e-07 -2.81431e-08 21 55.24750 6.50524e-05
SN: 1293319 10 1 X2 3 0 0.29790 0.00100 0.29686 0.00100 0.29686 0.00164 0 300 2.64247e-02 1 1 36917 -9 -9 0.29790 1.00000e-03 36.002780 -6.497495 1.58400 1.90800 -9 9.14000 2.00000e-02 0.26900 5.80000e-02 -8.82900e+00 0.10623 0.51200 -999 5.85000 9.55000 13.13000 15.75000 25.58211 25.04999 24.70434 24.50680 56915.2969 45.78804 45.19559 43.33014 56913.3555 0.3405 2.01575 0.26604 -8.53458e-03 1.98699e-02 21.31418 2.76663e-02 5.34968e-05 1.36319e-06 1.13642e-03 -2.08064e-07 -1.76455e-08 36 27.11067 0.85735
SN: 1305785 10 0 E2 3 0 0.47431 0.00100 0.47328 0.00100 0.47327 0.00178 0 300 7.56367e-03 1 1 29550 -9 -9 0.47430 1.00000e-03 9.893391 -44.833419 8.30000e-02 8.60000e-02 -9 10.86300 5.40000e-02 0.19800 10.19800 -1.06390e+01 10.19835 1.36900 -999 15.21000 72.27000 142.77000 194.55000 24.54468 22.85260 22.11341 21.77742 56973.0234 21.24174 14.52189 9.91786 56970.3281 0.5089 0.35734 0.49950 3.22623e-02 4.80242e-02 22.87447 5.23823e-02 1.27120e-05 6.13300e-07 5.14447e-03 -2.11360e-07 -1.84675e-08 33 42.53000 0.12376
SN: 1302635 10 0 E2 3 0 0.20355 0.00100 0.20268 0.00100 0.20268 0.00156 0 300 5.64609e-03 1 2 30618 -9 -9 0.20350 1.00000e-03 9.465727 -43.464030 0.68800 0.68700 -3.30216e+00 9.05000 1.50000e-02 -1.67000e-01 0.86200 -9.22700e+00 0.86484 0.40500 -999 18.56000 27.42000 39.05000 35 24.32856 23.90483 23.52095 23.63983 56960.1797 29.17550 21.78031 18.41575 56957.4805 0.2938 -5.44213e-01 0.26746 0.22279 2.58522e-02 22.29869 3.72354e-02 2.16035e-05 7.40895e-07 1.97180e-03 -1.04512e-07 -1.40432e-08 34 63.30397 1.66973e-03
SN: 1311247 10 0 E2 3 0 0.44288 0.00100 0.44183 0.00100 0.44183 0.00176 0 300 6.73702e-03 1 1 29612 -9 -9 0.44290 1.00000e-03 8.020134 -43.909563 0.30600 0.24300 -9 10.78100 2.60000e-02 0.70300 0 -1.00670e+01 0 0.74200 -999 83.56000 290.91000 381.47000 437.25000 22.69500 21.34060 21.04635 20.89817 56992.0508 27.36720 17.86778 11.15295 56992.7539 0.5051 2.57382 0.53020 5.49328e-02 4.46867e-02 22.13962 5.41278e-02 2.50123e-05 1.24695e-06 7.14556e-03 -4.47513e-07 -4.31629e-08 32 34.27641 0.35903
SN: 1815065 10 1 S1 3 0 0.13617 0.00100 0.13537 0.00100 0.13537 0.00151 0 300 6.28285e-02 1 1 62371 -9 -9 0.13620 1.00000e-03 43.229476 0.183282 0.82300 0.38700 -9 10.58900 8.60000e-02 -4.41000e-01 9.55900 -1.10410e+01 9.56041 1.56300 -999 121.75000 367.20999 601.84998 836.54999 22.28633 21.08771 20.55128 20.19377 58040.2695 89.84325 86.14143 47.72016 58038.6445 0.2473 -1.04541e+00 0.13343 0.11395 1.92713e-02 20.02533 2.65521e-02 1.75336e-04 4.28791e-06 3.23168e-04 -1.70623e-07 -6.08407e-08 26 38.39297 5.56553e-02
SN: 1896164 10 0 X3 3 0 0.42181 0.00100 0.42068 0.00100 0.42068 0.00174 0 300 2.37787e-02 1 2 136488 -9 -9 0.42180 1.00000e-03 36.694063 -5.518899 0.74100 0.61500 -3.82342e+00 11.19400 3.90000e-02 0.88900 0.16900 -1.03650e+01 0.18655 1.20600 -999 40.48000 176.03000 297.73999 361.98001 23.48190 21.88603 21.31541 21.10329 58064.1133 51.15235 29.09812 21.53471 58072.6953 0.3277 0.46067 0.25428 -4.93656e-03 3.03762e-02 22.10404 3.39325e-02 2.58455e-05 8.07749e-07 1.32919e-03 -9.79483e-08 -1.94652e-08 34 45.03521 9.76861e-02
SN: 1876533 10 0 X3 3 0 0.49100 0.00100 0.48981 0.00100 0.48981 0.00180 0 300 2.38322e-02 1 1 -29891 -9 -9 0.49100 1.00000e-03 36.780963 -4.077421 2.70600 3.04000 -9 10.76800 1.10000e-02 0.83600 0.14400 -9.96000e+00 0.15799 0.94300 -999 2.31000 6.54000 8.70000 18.12000 26.59097 25.46106 25.15120 24.35460 58036.1484 33.70182 26.01012 22.12636 58037.1289 0.4589 -1.47939e+00 0.27600 8.42796e-02 3.30846e-02 23.16550 3.75653e-02 9.72297e-06 3.36404e-07 6.52719e-04 -2.95238e-08 -7.98862e-09 37 41.15247 0.29368
SN: 1879649 10 23 C1 3 0 0.12020 0.00100 0.11979 0.00100 0.11979 0.00150 0 300 1.15569e-02 1 1 507137 -9 -9 0.12020 1.00000e-03 54.787869 -26.176155 57.39100 2.39500 -9 11.60500 2.90000e-02 -4.38000e-01 3.45000 -1.20170e+01 3.45007 1.06800 -999 45.17000 72 87.29000 83.55000 23.36287 22.85667 22.64759 22.69513 58071.3086 72.60276 64.18023 23.52453 58060.9688 0.3153 5.27324e-02 0.33749 0.24723 3.68758e-02 20.61445 5.57497e-02 1.01911e-04 5.23284e-06 4.46778e-03 -9.24665e-07 -1.80958e-07 5 20.11162 1.19086e-03
SN: 1923060 10 1 X1 3 0 0.38361 0.00100 0.38247 0.00100 0.38247 0.00171 0 300 1.85238e-02 1 1 141770 -9 -9 0.38360 1.00000e-03 34.833242 -5.172078 2.41400 2.16600 -9 10.29800 1.30000e-02 1.42600 2.60000e-02 -8.86200e+00 4.85489e-02 0.52500 -999 7.05000 18.31000 19.12000 22.91000 25.37953 24.34328 24.29628 24.09994 58101.0469 35.03707 31.34673 19.32817 58103.0547 0.3640 0.29686 0.35419 2.78789e-02 3.13885e-02 22.05735 3.60085e-02 2.69811e-05 8.94828e-07 3.89331e-03 -1.74362e-07 -2.40868e-08 20 18.23365 0.57202
SN: 1901257 10 0 X3 3 0 0.52100 0.00100 0.51978 0.00100 0.51978 0.00182 0 300 2.29108e-02 3 7 -33738 -9 -9 0.52100 1.00000e-03 36.371342 -4.748481 0.34700 0.25000 -3.59283e+00 11.18800 2.50000e-02 0.42800 10.42800 -1.07810e+01 10.42818 1.55600 -999 12.76000 74.55000 159.00999 234.87000 24.73537 22.81888 21.99644 21.57293 58071.0938 10.25849 9.82969 7.80206 58065.2148 0.6260 -1.57548e+00 0.58827 9.57911e-02 8.82951e-02 23.62353 0.10640 6.37657e-06 6.24887e-07 2.55691e-02 -2.47134e-07 -5.02019e-08 34 28.90692 0.71548
SN: 1912270 10 0 C3 3 0 0.86715 0.00100 0.86642 0.00100 0.86642 0.00212 0 300 7.55208e-03 1 1 140109 -9 -9 0.86720 1.00000e-03 52.739963 -27.781903 0.95700 1.09300 -9 9.67400 1.50000e-02 1.26800 0.19700 -8.39800e+00 0.20082 -3.00000e-02 -999 5.04000 8.53000 14.64000 18.26000 25.74392 25.17263 24.58615 24.34625 58084.2305 9.72458 5.96912 -99 58094.3789 1.1852 -5.19742e-01 0.77502 -7.01551e-02 0.17316 24.63097 7.79124e-02 2.52124e-06 1.80924e-07 4.36744e-04 -7.23925e-08 -7.63622e-09 16 20.74440 0.18855
SN: 1837071 10 0 S2 3 0 0.12995 0.00100 0.12913 0.00100 0.12913 0.00151 0 300 3.32883e-02 1 1 125359 -9 -9 0.13000 1.00000e-03 41.769724 -0.731334 0.39900 0.23800 -9 10.72000 9.50000e-02 -9.10000e-02 9.90900 -1.08770e+01 9.91238 1.50500 -999 284.04001 759.28998 1112.83997 1544.32996 21.36655 20.29898 19.88392 19.52815 58122.1250 6.95619 6.84407 6.76219 58122.6172 0.8248 0.29715 1.08816 0.26739 0.10806 22.55220 0.16547 1.71048e-05 2.60685e-06 5.28817e-02 -1.87407e-06 -2.11345e-07 8 14.05248 8.04078e-02
SN: 1839117 10 0 X3 3 0 0.60800 0.00100 0.60674 0.00100 0.60674 0.00189 0 300 2.51310e-02 1 1 -27767 -9 -9 0.60800 1.00000e-03 37.362455 -4.742710 1.38300 1.59000 -9 10.47700 3.70000e-02 -4.96000e-01 6.22100 -1.09240e+01 6.22130 1.19000 -999 2.15000 10.22000 15.93000 28.72000 26.66890 24.97637 24.49446 23.85454 58028.2969 32.73807 17.61109 16.10528 58020.9766 0.5234 0.13301 0.36309 -8.79679e-02 4.00735e-02 23.20606 3.91334e-02 9.36643e-06 3.37596e-07 2.41885e-03 -8.31793e-08 -6.39394e-09 39 44.29176 0.25824
SN: 1876204 10 101 C3 3 0 0.51067 0.00100 0.51008 0.00100 0.51008 0.00181 0 300 7.20580e-03 2 2 130727 -9 -9 0.51070 1.00000e-03 52.900523 -27.945873 0.38600 0.53900 -2.97950e+00 9.77000 7.80000e-02 0.24900 3.00000e-02 -9.65200e+00 6.26498e-02 0.52700 -999 11.37000 30.59000 43.45000 51.07000 24.86060 23.78605 23.40503 23.22959 58045.2852 47.40569 24.26493 22.83625 58045.3867 0.3729 0.39836 0.29596 3.21436e-02 2.55126e-02 23.00508 2.62647e-02 1.12712e-05 2.72657e-07 2.24683e-04 -3.90439e-08 -4.40741e-09 35 28.64523 0.76731
SN: 1791048 10 0 C1 3 0 0.21139 0.00100 0.21094 0.00100 0.21094 0.00157 0 300 9.29745e-03 1 1 125007 -9 -9 0.21140 1.00000e-03 54.441032 -27.145960 0.31800 0.27400 -9 10.86200 1.20000e-02 1.13800 0.28100 -9.73300e+00 0.28398 1.21900 -999 247.42999 666.29999 1013.46002 1252.68994 21.51637 20.44083 19.98548 19.75539 58008.3359 27.95644 27.77112 27.45261 58002.9844 0.2740 6.42838e-02 0.38908 -1.76219e-02 3.75023e-02 20.50055 4.76715e-02 1.13182e-04 4.96951e-06 7.83691e-03 -1.48630e-06 -1.28350e-07 7 22.72348 1.90421e-03
SN: 1896213 10 0 C3 3 0 0.68757 0.00100 0.68688 0.00100 0.68688 0.00196 0 300 9.66597e-03 1 1 134643 -9 -9 0.68760 1.00000e-03 52.233015 -27.125194 2.28200 1.79700 -9 11.07800 2.50000e-02 -4.99000e-01 9.50100 -1.15870e+01 9.50129 1.48700 -999 0.98000 5.03000 12.04000 16.79000 27.50000 25.74608 24.79843 24.43737 58064.2617 15.65222 12.75292 12.40458 58064.4023 0.5482 -9.66369e-01 0.40935 0.14146 5.07411e-02 23.90141 4.32441e-02 4.93668e-06 1.96624e-07 6.01361e-03 -4.96577e-08 -5.21316e-09 42 55.06074 8.52604e-02
SN: 1344639 10 0 E2 3 0 0.36770 0.00100 0.36672 0.00100 0.36672 0.00169 0 300 6.58794e-03 1 1 44441 -9 -9 0.36770 1.00000e-03 9.385548 -44.200862 0.45000 0.30700 -9 10.89100 1.10000e-02 0.80900 0.61900 -1.01220e+01 0.62144 1.48700 -999 30.72000 145.53000 267.26999 357.39999 23.78145 22.09262 21.43262 21.11712 57385.0938 24.44478 24.12357 15.05957 57390.1602 0.5338 -8.40353e-01 0.55942 -5.48787e-02 2.81062e-02 22.06654 3.41783e-02 2.67536e-05 8.42187e-07 6.77498e-03 -2.83712e-07 -1.14285e-08 15 18.07281 0.25886
SN: 1335585 10 0 X2 3 0 0.60687 0.00100 0.60557 0.00100 0.60557 0.00189 0 300 2.02517e-02 1 1 41200 -9 -9 0.60690 1.00000e-03 35.114725 -7.111349 0.30600 0.46900 -9 10.32900 3.10000e-02 -3.03700e+00 6.51900 -1.33290e+01 6.51909 1.57300 -999 2.01000 11.96000 26.71000 40.34000 26.74201 24.80567 23.93332 23.48566 57339.1562 5.46385 5.25522 4.65558 57323.4023 0.8926 -1.58814e+00 0.88155 6.75778e-02 0.10276 23.58867 9.67255e-02 6.58462e-06 5.86607e-07 1.03599e-02 -3.38253e-07 -2.92869e-08 35 36.16322 0.41407
SN: 1338266 10 1 X1+X2 3 0 0.64980 0.00100 0.64845 0.00100 0.64845 0.00193 0 300 2.24683e-02 1 1 42497 -9 -9 0.64980 1.00000e-03 34.905123 -5.869114 0.32400 0.47600 -9 9.19400 5.50000e-02 1 1.03000 -8.19800e+00 1.04329 0.18600 -999 2.74000 5.48000 8.59000 10.35000 26.40562 25.65305 25.16502 24.96265 57366.0586 12.62264 9.21892 6.76482 57366.9570 0.6196 -5.17011e-01 0.54418 -1.10128e-01 5.42617e-02 23.54582 4.70444e-02 6.84968e-06 2.96793e-07 7.27077e-03 -1.06521e-07 -6.01176e-09 53 53.71960 0.44658
SN: 1339730 10 0 E1 3 0 0.44990 0.00100 0.44881 0.00100 0.44881 0.00176 0 300 1.25567e-02 1 1 43481 -9 -9 0.44990 1.00000e-03 8.214398 -42.144202 0.66400 0.62800 -9 9.17100 2.40000e-02 0.86300 0.46500 -8.30300e+00 0.47344 8.30000e-02 -999 5.67000 11.80000 14.47000 17.55000 25.61604 24.82030 24.59883 24.38931 57386.0430 21.01589 18.24635 13.14233 57389.1836 0.6019 -2.12960e+00 0.71850 0.10514 6.49682e-02 22.46824 7.75272e-02 1.84801e-05 1.31957e-06 1.51529e-02 -5.21179e-07 -7.45823e-08 15 40.83485 3.38864e-04
SN: 1334087 10 1 S2 3 0 0.26722 0.00100 0.26629 0.00100 0.26628 0.00161 0 300 3.08374e-02 1 1 -15031 -9 -9 0.26720 1.00000e-03 41.009009 -0.467349 2.34800 1.65200 -9 10.98100 9.90000e-02 -9.76000e-01 9.02400 -1.19170e+01 9.02484 1.54100 -999 22.38000 98.10000 123.87000 198.49001 24.12535 22.52083 22.26759 21.75565 57339.1211 84.58524 49.65800 38.24600 57337.1094 0.2176 0.90174 0.21635 -5.32433e-02 1.64367e-02 20.93275 2.34740e-02 7.60150e-05 1.64347e-06 4.58932e-04 -2.17282e-07 -1.47591e-08 32 52.38549 1.29569e-02
SN: 1278602 10 0 S1 3 0 0.34896 0.00100 0.34799 0.00100 0.34799 0.00168 0 300 4.89063e-02 1 1 10365 -9 -9 0.34900 1.00000e-03 42.406331 0.709346 1.39300 1.25800 -9 10.39900 1.30000e-02 0.64500 0.14100 -9.70500e+00 0.14202 1.20800 -999 6.85000 25.77000 42.12000 67.58000 25.41077 23.97221 23.43878 22.92545 57269.2578 17.12607 15.30972 11.53785 57265.1641 0.4360 0.14019 0.45567 0.21158 3.77681e-02 22.63852 6.10938e-02 1.57977e-05 8.88928e-07 5.49093e-03 -2.67142e-07 -2.44602e-08 50 55.66378 0.27013
SN: 1289366 10 0 E1+E2 3 0 0.37869 0.00100 0.37769 0.00100 0.37769 0.00170 0 300 5.28286e-03 1 1 7549 -9 -9 0.37870 1.00000e-03 8.237135 -43.743867 1.02800 1.03100 -9 11.12700 2.60000e-02 1.18700 0.34700 -1.00200e+01 0.36030 1.42100 -999 15.73000 97.52000 182.21001 221.25000 24.50818 22.52727 21.84857 21.63779 57273.3203 10.13397 9.04554 7.53784 57266.9961 0.6889 -2.18826e+00 0.71928 0.24840 7.94046e-02 23.56986 0.10905 6.69968e-06 6.72907e-07 2.67371e-02 -3.09577e-07 -4.29640e-08 121 152.70930 2.70911e-02
SN: 1339609 10 0 C2+C3 3 0 1.12212 0.00100 1.12132 0.00100 1.12132 0.00235 0 300 6.97422e-03 1 1 42756 -9 -9 1.12210 1.00000e-03 53.323725 -28.724712 0.75900 1.16700 -9 10.90200 1.20000e-02 1.39700 0.31900 -9.50200e+00 0.32032 0.76400 -999 5.16000 9.45000 21.75000 38.94000 25.71838 25.06142 24.15635 23.52401 57379.0742 19.78152 16.40266 -99 57372.3594 1.0036 0.88617 0.61482 -6.96258e-02 7.86370e-02 24.49403 5.59669e-02 2.86014e-06 1.47433e-07 1.23508e-02 -4.30402e-08 5.37693e-09 39 34.58360 0.67147
SN: 1338288 10 0 X1 3 0 0.13936 0.00100 0.13840 0.00100 0.13840 0.00152 0 300 1.59206e-02 1 2 43104 -9 -9 0.13940 1.00000e-03 33.620759 -5.105601 0.96900 0.92300 -2.83017e+00 8.52000 1.20000e-02 -1.15800e+00 1.28200 -9.66300e+00 1.28269 0.63500 -999 9.64000 15.61000 18.04000 17.50000 25.03981 24.51649 24.35941 24.39240 57372.0469 54.84445 49.68893 48.95422 57371.8398 0.3053 0.74746 0.27069 0.18681 2.60679e-02 21.14239 3.43200e-02 6.26679e-05 1.98093e-06 1.75253e-04 -1.94487e-07 -4.02922e-08 10 44.91065 2.25694e-06
SN: 1336975 10 1 C1 3 0 0.11088 0.00100 0.11048 0.00100 0.11048 0.00149 0 300 1.10095e-02 1 1 -15477 -9 -9 0.11090 1.00000e-03 54.818390 -27.155559 0.79200 0.21500 -9 10.74700 1.00000e-02 1.11700 0.52800 -9.62300e+00 0.52975 1.14200 -999 501.48999 1202.42004 1886.80005 2453.05005 20.74934 19.79986 19.31068 19.02573 57355.2383 252.08858 207.70549 117.94550 57354.9688 0.1962 -9.50589e-01 0.11308 1.21637e-02 1.97160e-02 18.95119 2.67471e-02 4.71548e-04 1.16166e-05 1.54479e-05 -6.17758e-07 -1.51104e-07 25 34.41406 9.93496e-02
SN: 1281135 10 0 C2 3 0 0.65254 0.00100 0.65195 0.00100 0.65195 0.00193 0 300 8.90942e-03 1 5 3546 -9 -9 0.65250 1.00000e-03 54.483776 -29.118592 0.56600 0.78400 -2.64157e+00 9.52000 2.20000e-02 1.16600 0 -8.34400e+00 1.40000e-02 6.10000e-02 -999 6.72000 15.23000 18.89000 24.77000 25.43158 24.54325 24.30942 24.01518 57266.2734 18.60331 15.68374 11.53861 57269.7031 0.5421 0.12451 0.50204 -2.69939e-01 4.36078e-02 22.74152 4.91887e-02 1.43678e-05 6.50928e-07 2.05474e-03 -2.28359e-07 -3.06001e-09 46 74.01816 5.48015e-03
SN: 1275946 10 1 E2 3 0 0.23300 0.00100 0.23212 0.00100 0.23212 0.00159 0 300 8.33601e-03 2 2 -2796 -9 -9 0.23300 1.00000e-03 10.404035 -43.637828 0.24800 0.52800 -2.87326e+00 7.96700 0.12600 -5.54000e-01 9.44600 -8.45900e+00 9.48672 0.57000 -999 1.56000 2.14000 3.19000 3.66000 27.01719 26.67397 26.24052 26.09130 57265.2266 112.73665 106.35011 82.20737 57261.6289 0.2109 1.84431 0.19786 -5.02087e-02 1.70495e-02 20.60616 2.39161e-02 1.02691e-04 2.26204e-06 1.00026e-03 -2.81150e-07 -2.72600e-08 50 37.36243 0.90677
SN: 1281119 10 0 C2 3 0 0.19947 0.00100 0.19902 0.00100 0.19902 0.00156 0 300 8.26218e-03 1 1 274405 -9 -9 0.19950 1.00000e-03 53.364724 -29.188218 0.76700 0.31600 -9 10.99200 3.20000e-02 1.05800 0.76300 -9.98300e+00 0.77919 1.20700 -999 168.55000 515.35999 912.98999 1119.84998 21.93318 20.71972 20.09883 19.87710 57266.2734 27.41405 21.63171 15.03289 57264.8633 0.2542 8.78466e-02 0.30814 0.17946 3.24564e-02 21.28775 5.19713e-02 5.48149e-05 2.62384e-06 2.83802e-03 -4.67950e-07 -7.37739e-08 43 66.08926 1.33551e-02
SN: 1289306 10 0 E1+E2 3 0 0.54380 0.00100 0.54268 0.00100 0.54268 0.00184 0 300 5.33359e-03 1 2 -5467 -9 -9 0.54380 1.00000e-03 8.238298 -43.782772 0.22000 0.23400 -4.26699e+00 10.77300 2.70000e-02 1.00400 0.17600 -9.83600e+00 0.18868 1.18500 -999 8.20000 36.70000 74.12000 105.53000 25.21547 23.58834 22.82516 22.44156 57265.2305 10.94361 10.38245 8.91809 57267.0586 0.5915 -2.69983e+00 0.59189 -5.71230e-02 6.88435e-02 23.31969 6.86517e-02 8.43576e-06 5.33398e-07 8.78145e-03 -1.84490e-07 -2.47783e-08 100 87.74209 0.80436
SN: 1342778 10 0 E2 3 0 0.40557 0.00100 0.40457 0.00100 0.40457 0.00172 0 300 8.64383e-03 1 1 44432 -9 -9 0.40560 1.00000e-03 9.217444 -44.677082 1.67300 1.62800 -9 9.26700 1.30000e-02 7.80000e-02 1.30000e-02 -9.31000e+00 4.87647e-02 0.24000 -999 4.60000 8.43000 12.95000 15.99000 25.84311 25.18543 24.71933 24.49038 57385.0977 20.34881 18.61774 14.36237 57385.9180 0.7423 1.30402 0.61266 0.16095 4.72961e-02 22.60594 5.05608e-02 1.62788e-05 7.58076e-07 3.55003e-03 -1.97727e-07 -2.58271e-08 10 19.69302 3.22936e-02
SN: 1283923 10 1 E1+E2 3 0 0.14715 0.00100 0.14631 0.00100 0.14631 0.00152 0 300 5.29812e-03 1 1 9434 -9 -9 0.14710 1.00000e-03 9.115502 -43.267849 1.50000e-02 9.00000e-03 -9 10.68400 2.70000e-02 0.39900 0.53700 -1.03080e+01 0.57552 1.46900 -999 165.12000 487.92999 745.20001 952.40002 21.95550 20.77911 20.31932 20.05295 57265.2266 65.45822 60.58399 46.10758 57268.4727 0.2315 -2.21332e+00 0.14634 0.11096 2.44620e-02 20.72763 3.39040e-02 9.18225e-05 2.86732e-06 9.59438e-04 -2.09612e-07 -5.61756e-08 69 92.58390 3.06606e-02
SN: 1281879 10 0 S2 3 0 0.50657 0.00100 0.50547 0.00100 0.50547 0.00181 0 300 2.93065e-02 1 1 12518 -9 -9 0.50660 1.00000e-03 41.396855 -1.216815 0.76900 0.75200 -9 10.64500 1.50000e-02 0.62700 0.17600 -9.98200e+00 0.18243 0.86600 -999 11.76000 42.04000 65.95000 91.16000 24.82398 23.44084 22.95196 22.60049 57265.2930 10.11009 8.99689 8.28405 57262.3945 0.8235 1.25192 0.81969 0.15784 6.96574e-02 23.00085 8.96700e-02 1.13151e-05 9.34504e-07 1.44849e-02 -5.45023e-07 -4.46888e-08 47 35.50434 0.89041
SN: 1280240 10 1 C2 3 0 0.05999 0.00100 0.05962 0.00100 0.05962 0.00146 0 300 1.06423e-02 1 1 2289 -9 -9 6.00000e-02 1.00000e-03 55.228673 -28.689131 3.30300 1.39000 -9 10.02100 1.60000e-02 5.00000e-03 4.25800 -1.00200e+01 4.25950 1.07400 -999 131.41000 212.02000 305.42999 389.03000 22.20343 21.68406 21.28772 21.02504 57276.3555 432.34897 431.31305 206.38449 57257.7031 0.3317 0.36513 0.16117 3.83238e-02 1.91257e-02 17.99732 2.60243e-02 1.13520e-03 2.72099e-05 7.02180e-04 -1.03756e-06 -4.44230e-07 20 26.50296 0.14984
SN: 1330817 10 0 S2 3 0 0.27144 0.00100 0.27051 0.00100 0.27051 0.00162 0 300 2.72209e-02 1 1 39351 -9 -9 0.27140 1.00000e-03 41.109720 -1.448341 3.56200 3.60800 -9 10.54300 0.12000 -5.27000e-01 9.47300 -1.09430e+01 9.47306 1.54800 -999 0.50000 2.48000 3.96000 5.45000 27.50000 26.51387 26.00576 25.65901 57311.2969 45.46698 44.58213 41.81702 57308.9609 0.2778 -1.10423e+00 0.24380 -2.74434e-02 1.88846e-02 21.61720 2.23376e-02 4.04689e-05 8.32592e-07 9.75614e-04 -8.00547e-08 -1.01393e-08 45 42.81283 0.56504
SN: 1329622 10 0 X2 3 0 0.48727 0.00100 0.48607 0.00100 0.48607 0.00179 0 300 2.29929e-02 1 2 21861 -9 -9 0.48730 1.00000e-03 35.499200 -6.228611 0.96000 1.26600 -2.68864e+00 9.87100 4.20000e-02 0.88800 0.79600 -8.92500e+00 0.79783 0.58400 -999 4.80000 16.75000 23.60000 25.84000 25.79690 24.43996 24.06772 23.96927 57304.1953 12.51119 8.53718 7.66358 57299.1836 1.0871 5.66494e-03 0.67550 7.05029e-02 8.77957e-02 22.84751 0.10568 1.30315e-05 1.26839e-06 1.50080e-02 -4.76631e-07 -8.43463e-08 23 23.59649 0.42643
SN: 1280792 10 0 C3 3 0 0.68123 0.00100 0.68056 0.00100 0.68056 0.00196 0 300 7.41036e-03 1 1 6261 -9 -9 0.68120 1.00000e-03 52.292986 -28.016585 0.21200 0.27500 -9 10.60100 2.00000e-02 -4.00200e+00 5.99800 -1.46250e+01 5.99842 1.52900 -999 2.42000 12.66000 35.02000 51.69000 26.54046 24.74392 23.63921 23.21648 57253.2852 20.98298 13.03040 12.26018 57249.9922 1.8051 -2.67689e+00 0.54920 2.03800e-02 6.27287e-02 23.75034 6.29402e-02 5.67365e-06 3.28902e-07 4.69081e-04 -3.82850e-08 -3.41307e-09 30 34.88495 0.24685
SN: 1256426 10 0 C2 3 0 0.33273 0.00100 0.33226 0.00100 0.33226 0.00167 0 300 1.02806e-02 1 1 3558 -9 -9 0.33270 1.00000e-03 54.221600 -29.861101 0.12400 0.11200 -9 10.40100 1.30000e-02 1.28200 2.10000e-02 -9.10900e+00 3.34215e-02 0.71700 -999 77.33000 155.21001 199.28000 320.81000 22.77913 22.02270 21.75134 21.23438 56675.0938 58.80724 30.40612 29.11644 56665.7656 1.1568 4.21168 0.77153 0.30306 5.12291e-02 21.23961 7.06252e-02 5.73001e-05 3.72727e-06 1.86178e-02 -1.45037e-06 -1.25607e-07 3 0.80946 0.84720
SN: 1256332 10 0 X3 3 0 0.47919 0.00100 0.47803 0.00100 0.47803 0.00179 0 300 3.37127e-02 1 2 19234 -9 -9 0.47920 1.00000e-03 37.245860 -4.734426 1.61500 1.37900 -2.54954e+00 9.94900 1.90000e-02 0.20400 0.43600 -9.73300e+00 0.43984 0.90100 -999 1.83000 6.78000 9.07000 10.95000 26.84387 25.42193 25.10598 24.90146 56603.0508 57.28860 41.87318 33.97805 56601.3789 0.3710 1.08018 0.25228 -3.43339e-02 2.95180e-02 22.51925 3.30929e-02 1.76320e-05 5.37416e-07 9.37842e-04 -6.38584e-08 -1.19230e-08 25 19.32073 0.78149
SN: 1253406 10 0 S2 3 0 0.36229 0.00100 0.36131 0.00100 0.36131 0.00169 0 300 3.23770e-02 1 2 12330 -9 -9 0.36230 1.00000e-03 41.886306 -0.629948 0.13000 0.15900 -5.18577e+00 10.21600 9.90000e-02 -1.89500e+00 8.10500 -1.20340e+01 8.10571 1.46700 -999 9.26000 43.30000 71.65000 93.56000 25.08347 23.40878 22.86196 22.57228 56559.2070 18.74006 17.22533 11.32411 56555.0820 0.3513 -1.34143e+00 0.37390 0.11037 3.80909e-02 22.48437 5.23525e-02 1.82075e-05 8.77939e-07 5.35408e-03 -2.14494e-07 -2.30675e-08 49 69.17467 3.03214e-02
SN: 1260241 10 0 X3 3 0 0.33442 0.00100 0.33336 0.00100 0.33336 0.00167 0 300 2.31262e-02 1 1 19591 -9 -9 0.33440 1.00000e-03 36.660116 -5.357857 0.24900 0.15900 -9 11.02900 2.70000e-02 -1.77200e+00 8.22800 -1.27920e+01 8.23168 1.39200 -999 43.82000 186.67000 307.17999 405.60001 23.39582 21.82231 21.28152 20.97976 56636.1523 41.19524 34.50319 33.62326 56638.1992 0.2489 -4.99567e-01 0.28299 6.77927e-03 2.34533e-02 21.93752 3.23792e-02 3.01297e-05 8.98537e-07 2.82196e-03 -1.77321e-07 -1.50046e-08 30 21.86455 0.85893
SN: 1249090 10 0 E1 3 0 0.38724 0.00100 0.38620 0.00100 0.38620 0.00171 0 300 6.58479e-03 1 1 7537 -9 -9 0.38720 1.00000e-03 8.479261 -42.312588 2.10700 1.33100 -9 11.23500 0.15200 -10 0 -2.13750e+01 0.31900 1.57300 -999 5.59000 20.69000 43.34000 53.56000 25.63147 24.21060 23.40778 23.17790 56534.1562 28.91328 19.17724 12.82802 56535.9844 0.6072 -1.69281e+00 0.35542 3.28859e-02 4.16166e-02 22.46052 4.18829e-02 1.86120e-05 7.17970e-07 8.24839e-04 -5.91010e-08 -2.34428e-08 34 30.96705 0.61706
SN: 1260605 10 0 C1 3 0 0.55594 0.00100 0.55534 0.00100 0.55534 0.00185 0 300 7.39065e-03 1 1 -3493 -9 -9 0.55590 1.00000e-03 53.349370 -27.229283 1.25100 1.37100 -9 10.33800 1.70000e-02 0.40000 3.40000e-02 -9.93500e+00 7.60263e-02 0.73200 -999 6.91000 22.52000 38.95000 53.93000 25.40130 24.11858 23.52373 23.17042 56635.1367 18.77945 11.62819 10.63560 56635.0469 0.7853 1.09396 0.55148 3.23489e-02 5.04748e-02 22.98080 4.79084e-02 1.15260e-05 5.08589e-07 2.81245e-03 -1.65276e-07 -1.33623e-08 36 32.55602 0.63318
SN: 1258289 10 0 X2 3 0 0.50629 0.00015 0.50509 0.00015 0.50509 0.00151 0 300 2.70483e-02 1 2 17350 -9 -9 0.50630 1.00000e-04 36.144202 -6.688891 0.62800 0.45500 -4.19431e+00 11.25900 3.60000e-02 -4.50100e+00 5.49900 -1.57450e+01 5.50142 1.41100 -999 11.27000 60.37000 113.80000 161.57001 24.87019 23.04795 22.35964 21.97910 56595.0703 21.16363 12.02197 8.01851 56599.9023 0.8800 -2.25049e+00 0.72648 -1.20336e-01 7.09605e-02 22.81968 5.63897e-02 1.33699e-05 6.94391e-07 9.59534e-04 -1.48967e-07 -2.71970e-08 31 34.04945 0.32298
SN: 1262128 10 1 C2 3 0 0.11365 0.00100 0.11323 0.00100 0.11323 0.00150 0 300 7.88294e-03 1 2 -4817 -9 -9 0.11370 1.00000e-03 53.271968 -29.469991 13.74700 3.76500 0.17620 11.08000 8.30000e-02 0.52000 10.52000 -1.04700e+01 10.52051 1.46400 -999 3.10000 6.65000 9.18000 11.11000 26.27160 25.44295 25.09289 24.88572 56653.1641 142.98094 137.36528 70.19035 56653.2461 0.2334 -2.71396e+00 0.20003 1.18692e-02 2.84307e-02 19.89041 3.44290e-02 1.98534e-04 6.29558e-06 9.71337e-04 -4.85829e-07 -1.41269e-07 20 20.77578 0.41043
SN: 1263130 10 0 C3 3 0 0.68084 0.00100 0.68017 0.00100 0.68017 0.00196 0 300 7.00617e-03 4 9 3813 -9 -9 0.68080 1.00000e-03 52.374235 -28.327821 0.32600 0.40100 -2.39764e+00 11.18900 1.10000e-02 -1.71400e+00 0.39500 -1.28990e+01 0.39500 1.62700 -999 6.07000 36.13000 100.62000 148.52000 25.54203 23.60533 22.49329 22.07054 56653.1758 25.63115 16.74528 11.55579 56656.4727 0.6199 -1.74948e+00 0.46884 5.41165e-02 5.01928e-02 23.76375 3.88044e-02 5.60404e-06 2.00289e-07 3.40820e-03 -4.84700e-08 -3.39273e-09 26 13.34011 0.98071
SN: 1249416 10 0 S2 3 0 0.33267 0.00100 0.33169 0.00100 0.33169 0.00167 0 300 2.50885e-02 1 1 13010 -9 -9 0.33270 1.00000e-03 40.912396 -1.748804 0.41500 0.43200 -9 10.50600 1.00000e-02 0.95500 0.25500 -9.53800e+00 0.25828 1.06700 -999 46.73000 131.08000 192.17000 277.03000 23.32601 22.20616 21.79079 21.39368 56534.2891 18.83704 13.60618 8.05201 56540.2227 1.0909 0.60556 0.82687 -1.42054e-01 3.17791e-02 22.72606 4.34434e-02 1.45739e-05 5.83145e-07 4.85301e-03 -3.10248e-07 -2.34980e-09 35 57.36415 9.94925e-03
SN: 1258191 10 0 X1 3 0 0.51814 0.00100 0.51689 0.00100 0.51690 0.00182 0 300 1.79164e-02 1 2 14997 -9 -9 0.51810 1.00000e-03 35.132658 -4.823084 0.86500 1.08300 -2.17367e+00 10.38000 1.60000e-02 0.28700 3.50000e-02 -1.00790e+01 7.20694e-02 0.81800 -999 7.84000 28.72000 49.98000 68.02000 25.26421 23.85454 23.25301 22.91841 56559.1680 10.47028 9.84608 3.83389 56595.2070 1.1357 0.53842 0.89893 0.42904 0.11794 23.74989 0.14895 5.67602e-06 7.78680e-07 3.84120e-02 -4.06603e-07 -8.87034e-08 28 21.24240 0.81510
SN: 1266808 10 0 X1 3 0 0.33040 0.00100 0.32930 0.00100 0.32930 0.00166 0 300 1.88862e-02 1 1 14762 -9 -9 0.33040 1.00000e-03 34.983429 -4.672231 0.90400 0.78000 -9 10.69800 1.20000e-02 1.15100 0.25500 -9.53700e+00 0.25676 0.85500 -999 47.79000 120.26000 174.81000 242.61000 23.30166 22.29970 21.89359 21.53773 56676.0469 12.57775 11.96661 10.03318 56679.5391 0.9216 -1.14648e+00 0.82206 -1.22634e-01 5.35989e-02 22.68359 6.28375e-02 1.51553e-05 8.77123e-07 1.53943e-02 -3.79009e-07 -1.82338e-08 20 29.57274 7.70790e-02
SN: 1248039 10 0 X2 3 0 0.22666 0.00100 0.22566 0.00100 0.22566 0.00158 0 300 2.19130e-02 1 1 16397 -9 -9 0.22670 1.00000e-03 34.858189 -6.177236 0.45500 0.67700 -9 9.37000 4.10000e-02 -5.10000e-01 0.50500 -9.91000e+00 0.52709 1.14900 -999 9.44000 26.74000 39.49000 51.30000 25.06257 23.93210 23.50878 23.22471 56543.2109 61.46401 52.69170 33.49285 56544.1758 0.2275 -1.21444e+00 0.21824 7.95204e-02 2.07908e-02 21.28836 2.82771e-02 5.47841e-05 1.42681e-06 1.32147e-03 -1.50891e-07 -2.17288e-08 37 49.74270 7.86062e-02
SN: 1250916 10 0 X3 3 0 0.67080 0.00100 0.66948 0.00100 0.66948 0.00195 0 300 2.29781e-02 1 2 179188 -9 -9 0.67080 1.00000e-03 37.153233 -4.299103 7.90000e-02 0.11000 -5.50934e+00 11.02400 0.10100 -3.44800e+00 6.55200 -1.45200e+01 6.55905 1.51100 -999 3.71000 23.19000 60.83000 89.50000 26.07656 24.08675 23.03971 22.62044 56558.2617 22.68118 22.14387 13.61427 56555.6289 0.3596 -7.94307e-01 0.33732 -1.48041e-01 3.85813e-02 23.26858 3.74083e-02 8.84235e-06 3.04657e-07 4.47564e-03 -7.75352e-08 -5.72197e-09 34 37.04726 0.33018
SN: 1248441 10 0 C3 3 0 0.24567 0.00100 0.24517 0.00100 0.24517 0.00160 0 300 6.05424e-03 2 6 4032 -9 -9 0.24570 1.00000e-03 52.136945 -28.186864 0.79000 0.68300 -2.18676e+00 10.61100 1.90000e-02 0.27300 0.37900 -1.05870e+01 0.40872 1.33800 -999 112.59000 329.89001 495.85999 598.47998 22.37125 21.20408 20.76160 20.55738 56536.2578 60.73440 44.15935 13.10497 56530.8047 1.1250 -6.17320e-01 0.26158 -1.49963e-01 3.34092e-02 20.80897 8.76712e-02 8.51946e-05 6.87930e-06 1.78669e-03 -3.85935e-07 -1.21543e-07 20 21.40082 0.37389
SN: 1263930 10 0 C2 3 0 0.43631 0.00100 0.43578 0.00100 0.43578 0.00175 0 300 9.60067e-03 2 2 2124 -9 -9 0.43630 1.00000e-03 53.447895 -29.441017 1.58300 0.37900 -3.27958e+00 10.10200 1.50000e-02 2.00800 2.60000e-02 -8.07900e+00 4.68722e-02 0.16900 -999 8.80000 18.39000 30.92000 31.69000 25.13879 24.33855 23.77440 23.74769 56675.0898 14.55291 9.90285 5.95254 56672.7500 0.8015 -1.43501e+00 0.81157 -8.07139e-02 8.48051e-02 22.68516 8.42549e-02 1.51334e-05 1.17438e-06 1.92218e-02 -5.34012e-07 -7.52414e-08 12 4.01219 0.98322
SN: 1260639 10 0 C2 3 0 0.59196 0.00100 0.59141 0.00100 0.59141 0.00188 0 300 1.14941e-02 1 1 2918 -9 -9 0.59200 1.00000e-03 54.999782 -29.678097 0.39200 0.28300 -9 11.11200 8.30000e-02 -1.20300e+00 8.79700 -1.23590e+01 8.79782 1.48500 -999 8.11000 46.72000 116.61000 180.53000 25.22745 23.32624 22.33316 21.85863 56635.1172 11.05842 7.60006 5.95666 56632.4531 1.3401 -8.20234e-01 0.91870 0.25145 8.11970e-02 23.53224 7.15368e-02 6.93590e-06 4.56991e-07 1.25549e-02 -2.67840e-07 -1.71043e-08 36 26.21891 0.88435
SN: 1246529 10 0 X3 3 0 0.49797 0.00100 0.49677 0.00100 0.49677 0.00180 0 300 2.52129e-02 2 3 18370 -9 -9 0.49800 1.00000e-03 36.114047 -4.943895 0.77700 0.34100 -2.02835e+00 10.56100 1.50000e-02 0.61000 0.31600 -9.93500e+00 0.32041 1.04000 -999 3.94000 20.28000 40.35000 59.80000 26.01126 24.23233 23.48539 23.05825 56537.3789 37.64965 32.12755 23.28996 56535.7812 1.2925 0.63584 0.38014 3.03167e-02 3.29214e-02 22.72134 4.51147e-02 1.46374e-05 6.08213e-07 -1.77903e-03 4.31056e-08 -1.53798e-08 26 10.80118 0.99616
SN: 1256819 10 0 X3 3 0 0.58701 0.00100 0.58576 0.00100 0.58576 0.00188 0 300 2.57874e-02 1 1 18838 -9 -9 0.58700 1.00000e-03 37.317287 -4.137697 0.86900 1.03400 -9 9.35800 1.90000e-02 -2.50000e-02 3.00000e-02 -9.38000e+00 7.98499e-02 0.30600 -999 2.36000 5.61000 8.23000 10.82000 26.56772 25.62759 25.21150 24.91443 56602.2500 25.49855 23.86874 19.57900 56600.0117 0.5886 -9.09026e-02 0.31369 -1.25267e-02 3.82595e-02 23.32262 3.46159e-02 8.41300e-06 2.68227e-07 5.08242e-04 -3.73003e-08 -6.33324e-09 29 17.54416 0.95304
