# VERSION_PHOTOMETRY:  RSR_R 
# SNANA_VERSION: 886408a4-output17g 
# PROGRAM:       snlc_fit.exe 
# TABLE_NAME:    FITRES 
# 
VARNAMES:  CID IDSURVEY TYPE FIELD CUTFLAG_SNANA ERRFLAG_FIT RA DEC zHEL zHELERR zCMB zCMBERR zHD zHDERR VPEC VPECERR LENSDMU LENSDMUERR MWEBV HOST_LOGMASS HOST_LOGMASS_ERR HOST_LOGMASS_ZPHOT HOST_LOGMASS_ZPHOTERR HOST_LOGSFR HOST_LOGSFR_ERR HOST_LOGsSFR HOST_LOGsSFR_ERR HOST_COLOR HOST_COLOR_ERR HOST_MAG_g HOST_MAG_r HOST_MAG_i HOST_MAG_z HOST_MAG_J HOST_MAG_H HOST_MAGERR_g HOST_MAGERR_r HOST_MAGERR_i HOST_MAGERR_z HOST_MAGERR_J HOST_MAGERR_H PKMJDINI SNRMAX1 SNRMAX2 SNRMAX3 SNRSUM BANDLIST OPT_PHOTOZ PKMJD PKMJDERR STRETCH STRETCHERR AV AVERR RV RVERR DLMAG DLMAGERR COV_STRETCH_AV COV_STRETCH_DLMAG COV_AV_DLMAG NDOF FITCHI2 FITPROB RADIUS_POP 
#
SN: DES16C1cim 10 0 VOID 3 0 54.876510000000003 -26.649180000000001 0.53100001811981201 9.9999997473787516e-06 0.53100001811981201 9.9999997473787516e-06 0.53070878982543945 0.001276723574846983 57.043231964111328 250 0 0 0.011699999682605267 8.3920001983642578 0.043999999761581421 -9999 -9999 0 0 0 0 0 0 0 0 0 0 0 0 0 0 0 0 0 0 57686.5 13.16460132598877 8.6230783462524414 8.1672391891479492 38.823921203613281 griz 0 57686.5 0 1.1892316341400146 0.00060510175535455346 -0.055755849927663803 0.0701260045170784 1.5180000066757202 0 42.756584167480469 0.10843109339475632 -9.2498827143572271e-05 0.00012467664782889187 -0.0074342740699648857 62 56.692123413085938 0.66663306951522827 -9
SN: DES16C3cmy 10 0 VOID 3 0 51.805999999999997 -27.489090000000001 0.55640000104904175 9.9999997473787516e-06 0.55640000104904175 9.9999997473787516e-06 0.55604803562164307 0.00129790382925421 67.83966064453125 250 0 0 0.008500000461935997 10.706000328063965 0.041999999433755875 -9999 -9999 -9999 -9999 -9999 -9999 -9999 -9999 999 999 999 999 999 999 999 999 999 999 999 999 57695.5 45.518421173095703 36.264877319335938 32.421768188476562 121.96723175048828 griz 0 57695.5 0 1.0600003004074097 0.00019894103752449155 -0.011011438444256783 0.025437712669372559 1.5180000066757202 0 42.34735107421875 0.037545390427112579 -3.3043145322153578e-06 1.3445537661027629e-05 -0.00092864263569936156 50 63.2178955078125 0.099239520728588104 -9
SN: DES16E1dcx 10 0 VOID 3 0 8.9685000000000006 -43.35812 0.45300000905990601 9.9999997473787516e-06 0.45300000905990601 9.9999997473787516e-06 0.45251798629760742 0.0012116823345422745 99.48101806640625 250 0 0 0.0063000000081956387 10.770000457763672 0.11500000208616257 -9999 -9999 -9999 -9999 -9999 -9999 -9999 -9999 999 999 999 999 999 999 999 999 999 999 999 999 57707 18.340513229370117 13.11883544921875 10.477818489074707 69.928718566894531 griz 0 57707 0 1.2399945259094238 0.0012116535799577832 0.27217075228691101 0.038631115108728409 1.5180000066757202 0 41.994331359863281 0.050583101809024811 -1.4374231795954984e-06 1.4791277180847828e-06 -0.0018528572982177138 88 160.75569152832031 3.5698365081771044e-06 -9
SN: DES16E2clk 10 0 VOID 3 0 9.2036499999999997 -44.139850000000003 0.36700001358985901 9.9999997473787516e-06 0.36700001358985901 9.9999997473787516e-06 0.36663913726806641 0.0011399704962968826 79.150077819824219 250 0 0 0.0071000000461935997 8.9060001373291016 0.081000000238418579 -9999 -9999 -9999 -9999 -9999 -9999 -9999 -9999 999 999 999 999 999 999 999 999 999 999 999 999 57693.69921875 34.930034637451172 32.621463775634766 25.001775741577148 81.112503051757812 griz 0 57693.69921875 0 0.99076884984970093 0.00024098463472910225 0.13251160085201263 0.027883455157279968 1.5180000066757202 0 41.598903656005859 0.041569732129573822 -3.8585749280173331e-06 1.7161617506644689e-05 -0.0011025628773495555 45 31.539575576782227 0.9356696605682373 -9
SN: DES16E2cqq 10 0 VOID 3 0 9.9586500000000004 -43.564830000000001 0.42599999904632568 9.9999997473787516e-06 0.42599999904632568 9.9999997473787516e-06 0.4255605936050415 0.0011891680769622326 92.419288635253906 250 0 0 0.0051000001840293407 9.2510004043579102 0.1080000028014183 -9999 -9999 -9999 -9999 -9999 -9999 -9999 -9999 999 999 999 999 999 999 999 999 999 999 999 999 57695.30078125 26.561595916748047 16.035844802856445 12.175100326538086 50.506572723388672 griz 0 57695.30078125 0 0.8873785138130188 0.030013294890522957 0.21223199367523193 0.053703419864177704 1.5180000066757202 0 41.848224639892578 0.073415368795394897 0.00065052462741732597 0.00075212772935628891 -0.0026635243557393551 45 55.038650512695312 0.1451442539691925 -9
SN: DES16S1agd 10 0 VOID 3 0 43.083590000000001 -0.91119000000000006 0.50400000810623169 9.9999997473787516e-06 0.50400000810623169 9.9999997473787516e-06 0.50347554683685303 0.0012542093172669411 104.578857421875 250 0 0 0.055900000035762787 9.7469997406005859 0.26199999451637268 -9999 -9999 -9999 -9999 -9999 -9999 -9999 -9999 999 999 999 999 999 999 999 999 999 999 999 999 57644.3984375 12.889439582824707 10.286842346191406 9.0831403732299805 37.927276611328125 griz 0 57644.3984375 0 1.1107691526412964 0.00085996382404118776 0.15421184897422791 0.076804600656032562 1.5180000066757202 0 42.119476318359375 0.10045336931943893 -5.4422395123765455e-07 9.3176953441798105e-07 -0.0072567202150821686 50 59.206943511962891 0.17480780184268951 -9
SN: DES16S1bno 10 0 VOID 3 0 42.515929999999997 -0.021590000000000002 0.4699999988079071 9.9999997473787516e-06 0.4699999988079071 9.9999997473787516e-06 0.46951377391815186 0.0012258581118658185 99.203704833984375 250 0 0 0.051899999380111694 8.5399999618530273 0.0099999997764825821 -9999 -9999 -9999 -9999 -9999 -9999 -9999 -9999 999 999 999 999 999 999 999 999 999 999 999 999 57663.3984375 15.052609443664551 13.764578819274902 9.7757539749145508 41.469253540039062 griz 0 57663.3984375 0 0.84769511222839355 0.0039613028056919575 0.049067195504903793 0.063112415373325348 1.5180000066757202 0 42.129734039306641 0.088276177644729614 1.2423398402461316e-05 1.3145288903615437e-05 -0.0051741767674684525 58 39.411354064941406 0.97070020437240601 -9
SN: DES16S2afz 10 0 VOID 3 0 41.601370000000003 -1.22529 0.4830000102519989 9.9999997473787516e-06 0.4830000102519989 9.9999997473787516e-06 0.48248660564422607 0.0012366982409730554 103.82099914550781 250 0 0 0.029699999839067459 9.550999641418457 0.25 -9999 -9999 -9999 -9999 -9999 -9999 -9999 -9999 999 999 999 999 999 999 999 999 999 999 999 999 57648 19.823217391967773 19.586887359619141 15.597654342651367 56.074924468994141 griz 0 57648 0 1.1892319917678833 0.0010290178470313549 0.066636420786380768 0.051219511777162552 1.5180000066757202 0 41.994464874267578 0.067898459732532501 -0.00017974452930502594 0.00023198220878839493 -0.0034737251698970795 48 36.229537963867188 0.8937828540802002 -9
SN: DES16X3cry 10 0 VOID 3 0 36.043950000000002 -3.8311099999999998 0.6119999885559082 9.9999997473787516e-06 0.6119999885559082 9.9999997473787516e-06 0.61120843887329102 0.0013442666968330741 147.28007507324219 250 0 0 0.025200000032782555 8.9379997253417969 0.23199999332427979 -9999 -9999 -9999 -9999 -9999 -9999 -9999 -9999 999 999 999 999 999 999 999 999 999 999 999 999 57700.69921875 26.489299774169922 22.617687225341797 16.1917724609375 74.583786010742188 griz 0 57700.69921875 0 1.0969225168228149 0.0003735773207154125 0.0353560671210289 0.039371475577354431 1.5180000066757202 0 42.746810913085938 0.060210715979337692 -7.2589656952004589e-08 1.4979981699525524e-07 -0.0022754261735826731 40 44.165958404541016 0.29996031522750854 -9
SN: DES16X3zd 10 0 VOID 3 0 36.73527 -4.4193899999999999 0.49500000476837158 9.9999997473787516e-06 0.49500000476837158 9.9999997473787516e-06 0.49441659450531006 0.0012467044871300459 117.03221130371094 250 0 0 0.023499999195337296 10.053000450134277 0.0070000002160668373 -9999 -9999 -9999 -9999 -9999 -9999 -9999 -9999 999 999 999 999 999 999 999 999 999 999 999 999 57644.3984375 31.075656890869141 26.341541290283203 19.357843399047852 81.219940185546875 griz 0 57644.3984375 0 0.91692304611206055 0.0003448091447353363 0.35970544815063477 0.035335462540388107 1.5180000066757202 0 42.051296234130859 0.04667176678776741 8.8157257494003716e-08 7.4224971058356459e-08 -0.0015533914556726813 40 63.743965148925781 0.0098837809637188911 -9
