# VERSION_PHOTOMETRY:  RSR_H 
# SNANA_VERSION: 886408a4-output17g 
# PROGRAM:       snlc_fit.exe 
# TABLE_NAME:    FITRES 
# 
VARNAMES:  CID IDSURVEY TYPE FIELD CUTFLAG_SNANA ERRFLAG_FIT RA DEC zHEL zHELERR zCMB zCMBERR zHD zHDERR VPEC VPECERR LENSDMU LENSDMUERR MWEBV HOST_LOGMASS HOST_LOGMASS_ERR HOST_LOGMASS_ZPHOT HOST_LOGMASS_ZPHOTERR HOST_LOGSFR HOST_LOGSFR_ERR HOST_LOGsSFR HOST_LOGsSFR_ERR HOST_COLOR HOST_COLOR_ERR HOST_MAG_g HOST_MAG_r HOST_MAG_i HOST_MAG_z HOST_MAG_J HOST_MAG_H HOST_MAGERR_g HOST_MAGERR_r HOST_MAGERR_i HOST_MAGERR_z HOST_MAGERR_J HOST_MAGERR_H PKMJDINI SNRMAX1 SNRMAX2 SNRMAX3 SNRSUM BANDLIST OPT_PHOTOZ PKMJD PKMJDERR STRETCH STRETCHERR AV AVERR RV RVERR DLMAG DLMAGERR COV_STRETCH_AV COV_STRETCH_DLMAG COV_AV_DLMAG NDOF FITCHI2 FITPROB RADIUS_POP 
#
SN: DES16C1cim 10 0 VOID 3 0 54.876510000000003 -26.649180000000001 0.53100001811981201 9.9999997473787516e-06 0.53100001811981201 9.9999997473787516e-06 0.53070878982543945 0.001276723574846983 57.043231964111328 250 0 0 0.011699999682605267 8.3920001983642578 0.043999999761581421 -9999 -9999 0 0 0 0 0 0 0 0 0 0 0 0 0 0 0 0 0 0 57686.5 13.16460132598877 8.6230783462524414 8.1672391891479492 39.020034790039062 griz 0 57686.5 0 1.0230804681777954 0.0016818137373775244 0.054121188819408417 0.069783926010131836 1.5180000066757202 0 42.576412200927734 0.10797686874866486 -3.5833210858982056e-05 0.00047298322897404432 -0.0072689387015998363 71 93.958473205566406 0.03548533096909523 -9
SN: DES16C3cmy 10 0 VOID 3 0 51.805999999999997 -27.489090000000001 0.55640000104904175 9.9999997473787516e-06 0.55640000104904175 9.9999997473787516e-06 0.55604803562164307 0.00129790382925421 67.83966064453125 250 0 0 0.008500000461935997 10.706000328063965 0.041999999433755875 -9999 -9999 -9999 -9999 -9999 -9999 -9999 -9999 999 999 999 999 999 999 999 999 999 999 999 999 57695.5 45.518421173095703 36.264877319335938 32.421768188476562 121.97624969482422 griz 0 57695.5 0 1.0600003004074097 0.00020387256518006325 -0.010872777551412582 0.025432456284761429 1.5180000066757202 0 42.347263336181641 0.037539109587669373 -1.1046376258150303e-08 4.5343963250843444e-08 -0.00092041137395426631 51 67.083976745605469 0.06489042192697525 -9
SN: DES16E1dcx 10 0 VOID 3 0 8.9685000000000006 -43.35812 0.45300000905990601 9.9999997473787516e-06 0.45300000905990601 9.9999997473787516e-06 0.45251798629760742 0.0012116823345422745 99.48101806640625 250 0 0 0.0063000000081956387 10.770000457763672 0.11500000208616257 -9999 -9999 -9999 -9999 -9999 -9999 -9999 -9999 999 999 999 999 999 999 999 999 999 999 999 999 57707 18.340513229370117 13.11883544921875 10.477818489074707 69.928726196289062 griz 0 57707 0 1.2123078107833862 0.0011576698161661625 0.29745876789093018 0.038433663547039032 1.5180000066757202 0 41.966423034667969 0.050353232771158218 -0.00027044062153436244 0.00032015598844736814 -0.0020934746135026217 89 160.5499267578125 5.1430065468593966e-06 -9
SN: DES16E2clk 10 0 VOID 3 0 9.2036499999999997 -44.139850000000003 0.36700001358985901 9.9999997473787516e-06 0.36700001358985901 9.9999997473787516e-06 0.36663913726806641 0.0011399704962968826 79.150077819824219 250 0 0 0.0071000000461935997 8.9060001373291016 0.081000000238418579 -9999 -9999 -9999 -9999 -9999 -9999 -9999 -9999 999 999 999 999 999 999 999 999 999 999 999 999 57693.69921875 34.930034637451172 32.621463775634766 25.001775741577148 81.112503051757812 griz 0 57693.69921875 0 0.9907691478729248 0.00015506362251471728 0.13253997266292572 0.027898127213120461 1.5180000066757202 0 41.598861694335938 0.041596706956624985 -3.8263497117441148e-06 1.7033278709277511e-05 -0.0011016495991498232 45 31.539560317993164 0.93566989898681641 -9
SN: DES16E2cqq 10 0 VOID 3 0 9.9586500000000004 -43.564830000000001 0.42599999904632568 9.9999997473787516e-06 0.42599999904632568 9.9999997473787516e-06 0.4255605936050415 0.0011891680769622326 92.419288635253906 250 0 0 0.0051000001840293407 9.2510004043579102 0.1080000028014183 -9999 -9999 -9999 -9999 -9999 -9999 -9999 -9999 999 999 999 999 999 999 999 999 999 999 999 999 57695.30078125 26.561595916748047 16.035844802856445 12.175100326538086 50.506572723388672 griz 0 57695.30078125 0 0.88736677169799805 0.030013089999556541 0.21209807693958282 0.053715981543064117 1.5180000066757202 0 41.848358154296875 0.073423922061920166 0.00065067654941231012 0.00075193442171439528 -0.002664848230779171 45 55.024082183837891 0.14545071125030518 -9
SN: DES16S1agd 10 0 VOID 3 0 43.083590000000001 -0.91119000000000006 0.50400000810623169 9.9999997473787516e-06 0.50400000810623169 9.9999997473787516e-06 0.50347554683685303 0.0012542093172669411 104.578857421875 250 0 0 0.055900000035762787 9.7469997406005859 0.26199999451637268 -9999 -9999 -9999 -9999 -9999 -9999 -9999 -9999 999 999 999 999 999 999 999 999 999 999 999 999 57644.3984375 12.889439582824707 10.286842346191406 9.0831403732299805 38.044460296630859 griz 0 57644.3984375 0 1.0646162033081055 0.00059619417879730463 0.20125000178813934 0.076608508825302124 1.5180000066757202 0 42.038410186767578 0.10000044107437134 -4.3667154386639595e-05 0.00014667869254481047 -0.0072133727371692657 55 77.851341247558594 0.022981684654951096 -9
SN: DES16S1bno 10 0 VOID 3 0 42.515929999999997 -0.021590000000000002 0.4699999988079071 9.9999997473787516e-06 0.4699999988079071 9.9999997473787516e-06 0.46951377391815186 0.0012258581118658185 99.203704833984375 250 0 0 0.051899999380111694 8.5399999618530273 0.0099999997764825821 -9999 -9999 -9999 -9999 -9999 -9999 -9999 -9999 999 999 999 999 999 999 999 999 999 999 999 999 57663.3984375 15.052609443664551 13.764578819274902 9.7757539749145508 41.547657012939453 griz 0 57663.3984375 0 0.83085465431213379 0.0493004210293293 0.040939953178167343 0.078655004501342773 1.5180000066757202 0 42.1104736328125 0.094095401465892792 0.0023236826527863741 0.0016319620190188289 -0.0036094710230827332 64 51.5926513671875 0.86796778440475464 -9
SN: DES16S2afz 10 0 VOID 3 0 41.601370000000003 -1.22529 0.4830000102519989 9.9999997473787516e-06 0.4830000102519989 9.9999997473787516e-06 0.48248660564422607 0.0012366982409730554 103.82099914550781 250 0 0 0.029699999839067459 9.550999641418457 0.25 -9999 -9999 -9999 -9999 -9999 -9999 -9999 -9999 999 999 999 999 999 999 999 999 999 999 999 999 57648 19.823217391967773 19.586887359619141 15.597654342651367 56.117225646972656 griz 0 57648 0 1.1892313957214355 0.00092184962704777718 0.06727813184261322 0.050929643213748932 1.5180000066757202 0 41.993789672851562 0.067672103643417358 -0.00020392172154970467 0.00026329420506954193 -0.0034895921126008034 50 41.885654449462891 0.78592014312744141 -9
SN: DES16X3cry 10 0 VOID 3 0 36.043950000000002 -3.8311099999999998 0.6119999885559082 9.9999997473787516e-06 0.6119999885559082 9.9999997473787516e-06 0.61120843887329102 0.0013442666968330741 147.28007507324219 250 0 0 0.025200000032782555 8.9379997253417969 0.23199999332427979 -9999 -9999 -9999 -9999 -9999 -9999 -9999 -9999 999 999 999 999 999 999 999 999 999 999 999 999 57700.69921875 26.489299774169922 22.617687225341797 16.1917724609375 74.618637084960938 griz 0 57700.69921875 0 1.0945125818252563 0.051568146795034409 0.038259956985712051 0.050897751003503799 1.5180000066757202 0 42.742012023925781 0.087196759879589081 -0.0016649155877530575 0.0032549495808780193 -0.0043098554015159607 44 51.270450592041016 0.21004804968833923 -9
SN: DES16X3zd 10 0 VOID 3 0 36.73527 -4.4193899999999999 0.49500000476837158 9.9999997473787516e-06 0.49500000476837158 9.9999997473787516e-06 0.49441659450531006 0.0012467044871300459 117.03221130371094 250 0 0 0.023499999195337296 10.053000450134277 0.0070000002160668373 -9999 -9999 -9999 -9999 -9999 -9999 -9999 -9999 999 999 999 999 999 999 999 999 999 999 999 999 57644.3984375 31.075656890869141 26.341541290283203 19.357843399047852 81.255134582519531 griz 0 57644.3984375 0 0.90789002180099487 0.024417707696557045 0.35655871033668518 0.04014236107468605 1.5180000066757202 0 42.041816711425781 0.049029704183340073 0.00046442277380265296 0.0003660257498268038 -0.0012693809112533927 45 76.176765441894531 0.002526894211769104 -9
