# VERSION_PHOTOMETRY:  RSR_R 
# SNANA_VERSION: 886408a4-output17g 
# PROGRAM:       snlc_fit.exe 
# TABLE_NAME:    FITRES 
# 
VARNAMES:  CID IDSURVEY TYPE FIELD CUTFLAG_SNANA ERRFLAG_FIT RA DEC zHEL zHELERR zCMB zCMBERR zHD zHDERR VPEC VPECERR LENSDMU LENSDMUERR MWEBV HOST_LOGMASS HOST_LOGMASS_ERR HOST_LOGMASS_ZPHOT HOST_LOGMASS_ZPHOTERR HOST_LOGSFR HOST_LOGSFR_ERR HOST_LOGsSFR HOST_LOGsSFR_ERR HOST_COLOR HOST_COLOR_ERR HOST_MAG_g HOST_MAG_r HOST_MAG_i HOST_MAG_z HOST_MAG_J HOST_MAG_H HOST_MAGERR_g HOST_MAGERR_r HOST_MAGERR_i HOST_MAGERR_z HOST_MAGERR_J HOST_MAGERR_H PKMJDINI SNRMAX1 SNRMAX2 SNRMAX3 SNRSUM BANDLIST OPT_PHOTOZ PKMJD PKMJDERR STRETCH STRETCHERR AV AVERR RV RVERR DLMAG DLMAGERR COV_STRETCH_AV COV_STRETCH_DLMAG COV_AV_DLMAG NDOF FITCHI2 FITPROB RADIUS_POP 
#
SN: DES16C1cim 10 0 VOID 3 0 54.876510000000003 -26.649180000000001 0.53100001811981201 9.9999997473787516e-06 0.53100001811981201 9.9999997473787516e-06 0.53070878982543945 0.001276723574846983 57.043231964111328 250 0 0 0.011699999682605267 8.3920001983642578 0.043999999761581421 -9999 -9999 0 0 0 0 0 0 0 0 0 0 0 0 0 0 0 0 0 0 57686.5 13.16460132598877 8.6230783462524414 8.1672391891479492 38.823921203613281 griz 0 57685.57421875 1.1993149518966675 1.2076930999755859 0.0011557942489162087 -0.087519906461238861 0.071996375918388367 1.5180000066757202 0 42.780704498291016 0.1086440309882164 -1.9002615090357722e-06 1.9541746496543055e-06 -0.0073042619042098522 61 56.155628204345703 0.65171563625335693 -9
SN: DES16C3cmy 10 0 VOID 3 0 51.805999999999997 -27.489090000000001 0.55640000104904175 9.9999997473787516e-06 0.55640000104904175 9.9999997473787516e-06 0.55604803562164307 0.00129790382925421 67.83966064453125 250 0 0 0.008500000461935997 10.706000328063965 0.041999999433755875 -9999 -9999 -9999 -9999 -9999 -9999 -9999 -9999 999 999 999 999 999 999 999 999 999 999 999 999 57695.5 45.518421173095703 36.264877319335938 32.421768188476562 116.54335021972656 griz 0 57695.83984375 0.024901356548070908 1.0553853511810303 0.00034969890839420259 0.019308490678668022 0.026816019788384438 1.5180000066757202 0 42.312744140625 0.039035368710756302 -4.789568208707351e-08 1.5866825719967892e-07 -0.0010092275915667415 46 53.109123229980469 0.21921966969966888 -9
SN: DES16E1dcx 10 0 VOID 3 0 8.9685000000000006 -43.35812 0.45300000905990601 9.9999997473787516e-06 0.45300000905990601 9.9999997473787516e-06 0.45251798629760742 0.0012116823345422745 99.48101806640625 250 0 0 0.0063000000081956387 10.770000457763672 0.11500000208616257 -9999 -9999 -9999 -9999 -9999 -9999 -9999 -9999 999 999 999 999 999 999 999 999 999 999 999 999 57707 18.340513229370117 13.11883544921875 10.477818489074707 69.928718566894531 griz 0 57704.81640625 0.78786671161651611 1.2953855991363525 0.00061524240300059319 0.17050027847290039 0.042498372495174408 1.5180000066757202 0 42.054378509521484 0.051088519394397736 -5.3690837376052514e-07 3.7806637465109816e-07 -0.0019374447874724865 87 155.144287109375 9.809938092075754e-06 -9
SN: DES16E2clk 10 0 VOID 3 0 9.2036499999999997 -44.139850000000003 0.36700001358985901 9.9999997473787516e-06 0.36700001358985901 9.9999997473787516e-06 0.36663913726806641 0.0011399704962968826 79.150077819824219 250 0 0 0.0071000000461935997 8.9060001373291016 0.081000000238418579 -9999 -9999 -9999 -9999 -9999 -9999 -9999 -9999 999 999 999 999 999 999 999 999 999 999 999 999 57693.69921875 34.930034637451172 32.621463775634766 25.001775741577148 81.112503051757812 griz 0 57693.25390625 0.39821144938468933 1.0017831325531006 0.026026098057627678 0.13355790078639984 0.028334211558103561 1.5180000066757202 0 41.603549957275391 0.052792690694332123 -0.00011063010606449097 0.00081845006207004189 -0.0012466722400858998 44 30.374544143676758 0.9410892128944397 -9
SN: DES16E2cqq 10 0 VOID 3 0 9.9586500000000004 -43.564830000000001 0.42599999904632568 9.9999997473787516e-06 0.42599999904632568 9.9999997473787516e-06 0.4255605936050415 0.0011891680769622326 92.419288635253906 250 0 0 0.0051000001840293407 9.2510004043579102 0.1080000028014183 -9999 -9999 -9999 -9999 -9999 -9999 -9999 -9999 999 999 999 999 999 999 999 999 999 999 999 999 57695.30078125 26.561595916748047 16.035844802856445 12.175100326538086 50.506572723388672 griz 0 57694.8359375 0.5666358470916748 0.90845191478729248 0.033417064696550369 0.22645922005176544 0.052538987249135971 1.5180000066757202 0 41.859851837158203 0.076205193996429443 0.00060737971216440201 0.0010151817696169019 -0.0026947837322950363 44 54.614315032958984 0.13107830286026001 -9
SN: DES16S1agd 10 0 VOID 3 0 43.083590000000001 -0.91119000000000006 0.50400000810623169 9.9999997473787516e-06 0.50400000810623169 9.9999997473787516e-06 0.50347554683685303 0.0012542093172669411 104.578857421875 250 0 0 0.055900000035762787 9.7469997406005859 0.26199999451637268 -9999 -9999 -9999 -9999 -9999 -9999 -9999 -9999 999 999 999 999 999 999 999 999 999 999 999 999 57644.3984375 12.889439582824707 10.286842346191406 9.0831403732299805 37.927276611328125 griz 0 57644.77734375 0.05460236594080925 1.0830780267715454 0.00067972729448229074 0.17098422348499298 0.07494451105594635 1.5180000066757202 0 42.090801239013672 0.098283380270004272 -5.9429392422316596e-05 0.00014671387907583266 -0.0073357285000383854 49 59.033500671386719 0.1543550044298172 -9
SN: DES16S1bno 10 0 VOID 3 0 42.515929999999997 -0.021590000000000002 0.4699999988079071 9.9999997473787516e-06 0.4699999988079071 9.9999997473787516e-06 0.46951377391815186 0.0012258581118658185 99.203704833984375 250 0 0 0.051899999380111694 8.5399999618530273 0.0099999997764825821 -9999 -9999 -9999 -9999 -9999 -9999 -9999 -9999 999 999 999 999 999 999 999 999 999 999 999 999 57663.3984375 15.052609443664551 13.764578819274902 9.7757539749145508 41.469253540039062 griz 0 57663.078125 0.612770676612854 0.85692286491394043 0.00085679366020485759 0.053928062319755554 0.063548818230628967 1.5180000066757202 0 42.137744903564453 0.088261142373085022 0.00013187118747737259 0.0001798487501218915 -0.0051481504924595356 57 39.251602172851562 0.96491444110870361 -9
SN: DES16S2afz 10 0 VOID 3 0 41.601370000000003 -1.22529 0.4830000102519989 9.9999997473787516e-06 0.4830000102519989 9.9999997473787516e-06 0.48248660564422607 0.0012366982409730554 103.82099914550781 250 0 0 0.029699999839067459 9.550999641418457 0.25 -9999 -9999 -9999 -9999 -9999 -9999 -9999 -9999 999 999 999 999 999 999 999 999 999 999 999 999 57648 19.823217391967773 19.586887359619141 15.597654342651367 56.074924468994141 griz 0 57648.52734375 0.95501667261123657 1.1892306804656982 0.0003746351576410234 0.07863336056470871 0.055109068751335144 1.5180000066757202 0 41.990715026855469 0.068125039339065552 -1.2937167070958822e-07 1.325487630765565e-07 -0.0034194835461676121 47 36.0301513671875 0.87770020961761475 -9
SN: DES16X3cry 10 0 VOID 3 0 36.043950000000002 -3.8311099999999998 0.6119999885559082 9.9999997473787516e-06 0.6119999885559082 9.9999997473787516e-06 0.61120843887329102 0.0013442666968330741 147.28007507324219 250 0 0 0.025200000032782555 8.9379997253417969 0.23199999332427979 -9999 -9999 -9999 -9999 -9999 -9999 -9999 -9999 999 999 999 999 999 999 999 999 999 999 999 999 57700.69921875 26.489299774169922 22.617687225341797 16.1917724609375 74.583786010742188 griz 0 57700.625 0.44529584050178528 1.0969220399856567 0.00051422358956187963 0.035290859639644623 0.039372812956571579 1.5180000066757202 0 42.745975494384766 0.060208078473806381 -1.5294175682356581e-05 3.0784503906033933e-05 -0.0022973809391260147 39 44.143600463867188 0.26324182748794556 -9
SN: DES16X3zd 10 0 VOID 3 0 36.73527 -4.4193899999999999 0.49500000476837158 9.9999997473787516e-06 0.49500000476837158 9.9999997473787516e-06 0.49441659450531006 0.0012467044871300459 117.03221130371094 250 0 0 0.023499999195337296 10.053000450134277 0.0070000002160668373 -9999 -9999 -9999 -9999 -9999 -9999 -9999 -9999 999 999 999 999 999 999 999 999 999 999 999 999 57644.3984375 31.075656890869141 26.341541290283203 19.357843399047852 81.219940185546875 griz 0 57644.89453125 0.31452709436416626 0.89384555816650391 0.00045897127711214125 0.34148946404457092 0.035182531923055649 1.5180000066757202 0 42.039714813232422 0.046584811061620712 3.6958830605726689e-05 3.1839237635722384e-05 -0.0015344562707468867 39 62.287174224853516 0.010316804051399231 -9
