# VERSION_PHOTOMETRY:  RSR_B 
# SNANA_VERSION: 886408a4-output17g 
# PROGRAM:       snlc_fit.exe 
# TABLE_NAME:    FITRES 
# 
VARNAMES:  CID IDSURVEY TYPE FIELD CUTFLAG_SNANA ERRFLAG_FIT RA DEC zHEL zHELERR zCMB zCMBERR zHD zHDERR VPEC VPECERR LENSDMU LENSDMUERR MWEBV HOST_LOGMASS HOST_LOGMASS_ERR HOST_LOGMASS_ZPHOT HOST_LOGMASS_ZPHOTERR HOST_LOGSFR HOST_LOGSFR_ERR HOST_LOGsSFR HOST_LOGsSFR_ERR HOST_COLOR HOST_COLOR_ERR HOST_MAG_g HOST_MAG_r HOST_MAG_i HOST_MAG_z HOST_MAG_J HOST_MAG_H HOST_MAGERR_g HOST_MAGERR_r HOST_MAGERR_i HOST_MAGERR_z HOST_MAGERR_J HOST_MAGERR_H PKMJDINI SNRMAX1 SNRMAX2 SNRMAX3 SNRSUM BANDLIST OPT_PHOTOZ PKMJD PKMJDERR STRETCH STRETCHERR AV AVERR RV RVERR DLMAG DLMAGERR COV_STRETCH_AV COV_STRETCH_DLMAG COV_AV_DLMAG NDOF FITCHI2 FITPROB RADIUS_POP 
#
SN: DES16C1cim 10 0 VOID 3 0 54.876510000000003 -26.649180000000001 0.53100001811981201 9.9999997473787516e-06 0.53100001811981201 9.9999997473787516e-06 0.53070878982543945 0.001276723574846983 57.043231964111328 250 0 0 0.011699999682605267 8.3920001983642578 0.043999999761581421 -9999 -9999 0 0 0 0 0 0 0 0 0 0 0 0 0 0 0 0 0 0 57686.5 13.166896820068359 8.6257553100585938 8.1694469451904297 39.029220581054688 griz 0 57686.5 0 1.0323078632354736 0.00072446424746885896 0.05120076984167099 0.069619171321392059 1.5180000066757202 0 42.588947296142578 0.10779749602079391 -1.2306281860219315e-07 6.2174797221814515e-07 -0.0072111203335225582 71 93.967666625976562 0.035435274243354797 -9
SN: DES16C3cmy 10 0 VOID 3 0 51.805999999999997 -27.489090000000001 0.55640000104904175 9.9999997473787516e-06 0.55640000104904175 9.9999997473787516e-06 0.55604803562164307 0.00129790382925421 67.83966064453125 250 0 0 0.008500000461935997 10.706000328063965 0.041999999433755875 -9999 -9999 -9999 -9999 -9999 -9999 -9999 -9999 999 999 999 999 999 999 999 999 999 999 999 999 57695.5 45.526222229003906 36.270870208740234 32.427448272705078 122.00108337402344 griz 0 57695.5 0 1.06935715675354 0.0274812001734972 -0.014675408601760864 0.027726173400878906 1.5180000066757202 0 42.358840942382812 0.04977218434214592 -0.00030378377414308488 0.0008980331476777792 -0.0012815453810617328 51 67.0465087890625 0.065283112227916718 -9
SN: DES16E1dcx 10 0 VOID 3 0 8.9685000000000006 -43.35812 0.45300000905990601 9.9999997473787516e-06 0.45300000905990601 9.9999997473787516e-06 0.45251798629760742 0.0012116823345422745 99.48101806640625 250 0 0 0.0063000000081956387 10.770000457763672 0.11500000208616257 -9999 -9999 -9999 -9999 -9999 -9999 -9999 -9999 999 999 999 999 999 999 999 999 999 999 999 999 57707 18.344692230224609 13.122199058532715 10.480044364929199 69.946060180664062 griz 0 57707 0 1.2123100757598877 0.0013198959641158581 0.29745054244995117 0.038428284227848053 1.5180000066757202 0 41.966453552246094 0.050345830619335175 -0.00028861482860520482 0.00034174471511505544 -0.0021149811800569296 89 160.62860107421875 5.0484882194723468e-06 -9
SN: DES16E2clk 10 0 VOID 3 0 9.2036499999999997 -44.139850000000003 0.36700001358985901 9.9999997473787516e-06 0.36700001358985901 9.9999997473787516e-06 0.36663913726806641 0.0011399704962968826 79.150077819824219 250 0 0 0.0071000000461935997 8.9060001373291016 0.081000000238418579 -9999 -9999 -9999 -9999 -9999 -9999 -9999 -9999 999 999 999 999 999 999 999 999 999 999 999 999 57693.69921875 34.939640045166016 32.631057739257812 25.007539749145508 81.132415771484375 griz 0 57693.69921875 0 0.99076902866363525 0.00017733154527377337 0.13254384696483612 0.027891872450709343 1.5180000066757202 0 41.598857879638672 0.041587386280298233 -3.8289826989057474e-06 1.7055834177881479e-05 -0.0011004500556737185 45 31.553884506225586 0.93542832136154175 -9
SN: DES16E2cqq 10 0 VOID 3 0 9.9586500000000004 -43.564830000000001 0.42599999904632568 9.9999997473787516e-06 0.42599999904632568 9.9999997473787516e-06 0.4255605936050415 0.0011891680769622326 92.419288635253906 250 0 0 0.0051000001840293407 9.2510004043579102 0.1080000028014183 -9999 -9999 -9999 -9999 -9999 -9999 -9999 -9999 999 999 999 999 999 999 999 999 999 999 999 999 57695.30078125 26.568628311157227 16.04005241394043 12.176429748535156 50.519035339355469 griz 0 57695.30078125 0 0.88736402988433838 0.030005216598510742 0.2120663970708847 0.053705651313066483 1.5180000066757202 0 41.848384857177734 0.073407799005508423 0.00065037427702918649 0.00075149792246520519 -0.0026638705749064684 45 55.047069549560547 0.14496737718582153 -9
SN: DES16S1agd 10 0 VOID 3 0 43.083590000000001 -0.91119000000000006 0.50400000810623169 9.9999997473787516e-06 0.50400000810623169 9.9999997473787516e-06 0.50347554683685303 0.0012542093172669411 104.578857421875 250 0 0 0.055900000035762787 9.7469997406005859 0.26199999451637268 -9999 -9999 -9999 -9999 -9999 -9999 -9999 -9999 999 999 999 999 999 999 999 999 999 999 999 999 57644.3984375 12.892724990844727 10.289262771606445 9.0856809616088867 38.053684234619141 griz 0 57644.3984375 0 1.064616322517395 0.00062460306799039245 0.2011425644159317 0.076584376394748688 1.5180000066757202 0 42.038478851318359 0.099971719086170197 -4.4616695959120989e-05 0.00014800259668845683 -0.0072869528084993362 55 77.880050659179688 0.022863445803523064 -9
SN: DES16S1bno 10 0 VOID 3 0 42.515929999999997 -0.021590000000000002 0.4699999988079071 9.9999997473787516e-06 0.4699999988079071 9.9999997473787516e-06 0.46951377391815186 0.0012258581118658185 99.203704833984375 250 0 0 0.051899999380111694 8.5399999618530273 0.0099999997764825821 -9999 -9999 -9999 -9999 -9999 -9999 -9999 -9999 999 999 999 999 999 999 999 999 999 999 999 999 57663.3984375 15.057110786437988 13.767572402954102 9.7788867950439453 41.558460235595703 griz 0 57663.3984375 0 0.83085888624191284 0.049288909882307053 0.040935028344392776 0.078636616468429565 1.5180000066757202 0 42.110485076904297 0.094071857631206512 0.0023226013872772455 0.0016311580548062921 -0.0036076859105378389 64 51.613307952880859 0.86751639842987061 -9
SN: DES16S2afz 10 0 VOID 3 0 41.601370000000003 -1.22529 0.4830000102519989 9.9999997473787516e-06 0.4830000102519989 9.9999997473787516e-06 0.48248660564422607 0.0012366982409730554 103.82099914550781 250 0 0 0.029699999839067459 9.550999641418457 0.25 -9999 -9999 -9999 -9999 -9999 -9999 -9999 -9999 999 999 999 999 999 999 999 999 999 999 999 999 57648 19.827890396118164 19.591146469116211 15.600469589233398 56.130664825439453 griz 0 57648 0 1.189231276512146 0.000881583197042346 0.067223377525806427 0.050918232649564743 1.5180000066757202 0 41.993881225585938 0.067658767104148865 -0.00020359818881843239 0.00026283340412192047 -0.0034769391641020775 50 41.903446197509766 0.78533631563186646 -9
SN: DES16X3cry 10 0 VOID 3 0 36.043950000000002 -3.8311099999999998 0.6119999885559082 9.9999997473787516e-06 0.6119999885559082 9.9999997473787516e-06 0.61120843887329102 0.0013442666968330741 147.28007507324219 250 0 0 0.025200000032782555 8.9379997253417969 0.23199999332427979 -9999 -9999 -9999 -9999 -9999 -9999 -9999 -9999 999 999 999 999 999 999 999 999 999 999 999 999 57700.69921875 26.494970321655273 22.626251220703125 16.195823669433594 74.638694763183594 griz 0 57700.69921875 0 1.0945149660110474 0.051554791629314423 0.038234584033489227 0.050884339958429337 1.5180000066757202 0 42.742038726806641 0.087173454463481903 -0.0016639776295050979 0.0032531495671719313 -0.0043075559660792351 44 51.291252136230469 0.20947174727916718 -9
SN: DES16X3zd 10 0 VOID 3 0 36.73527 -4.4193899999999999 0.49500000476837158 9.9999997473787516e-06 0.49500000476837158 9.9999997473787516e-06 0.49441659450531006 0.0012467044871300459 117.03221130371094 250 0 0 0.023499999195337296 10.053000450134277 0.0070000002160668373 -9999 -9999 -9999 -9999 -9999 -9999 -9999 -9999 999 999 999 999 999 999 999 999 999 999 999 999 57644.3984375 31.078212738037109 26.342624664306641 19.361995697021484 81.272018432617188 griz 0 57644.3984375 0 0.9078984260559082 0.024412108585238457 0.3565879762172699 0.040135379880666733 1.5180000066757202 0 42.04180908203125 0.049018148332834244 0.00046427940833382308 0.00036578986328095198 -0.0012688599526882172 45 76.20465087890625 0.0025106233078986406 -9
