# VERSION_PHOTOMETRY:  RSR_H 
# SNANA_VERSION: 886408a4-output17g 
# PROGRAM:       snlc_fit.exe 
# TABLE_NAME:    FITRES 
# 
VARNAMES:  CID IDSURVEY TYPE FIELD CUTFLAG_SNANA ERRFLAG_FIT RA DEC zHEL zHELERR zCMB zCMBERR zHD zHDERR VPEC VPECERR LENSDMU LENSDMUERR MWEBV HOST_LOGMASS HOST_LOGMASS_ERR HOST_LOGMASS_ZPHOT HOST_LOGMASS_ZPHOTERR HOST_LOGSFR HOST_LOGSFR_ERR HOST_LOGsSFR HOST_LOGsSFR_ERR HOST_COLOR HOST_COLOR_ERR HOST_MAG_g HOST_MAG_r HOST_MAG_i HOST_MAG_z HOST_MAG_J HOST_MAG_H HOST_MAGERR_g HOST_MAGERR_r HOST_MAGERR_i HOST_MAGERR_z HOST_MAGERR_J HOST_MAGERR_H PKMJDINI SNRMAX1 SNRMAX2 SNRMAX3 SNRSUM BANDLIST OPT_PHOTOZ PKMJD PKMJDERR STRETCH STRETCHERR AV AVERR RV RVERR DLMAG DLMAGERR COV_STRETCH_AV COV_STRETCH_DLMAG COV_AV_DLMAG NDOF FITCHI2 FITPROB RADIUS_POP 
#
SN: DES16C1cim 10 0 VOID 3 0 54.876510000000003 -26.649180000000001 0.53100001811981201 9.9999997473787516e-06 0.53100001811981201 9.9999997473787516e-06 0.53070878982543945 0.001276723574846983 57.043231964111328 250 0 0 0.011699999682605267 8.3920001983642578 0.043999999761581421 -9999 -9999 0 0 0 0 0 0 0 0 0 0 0 0 0 0 0 0 0 0 57686.5 13.16460132598877 8.6230783462524414 8.1672391891479492 39.020034790039062 griz 0 57686.5 0 1.0230830907821655 0.0022350505460053682 0.054140079766511917 0.06979098916053772 1.5180000066757202 0 42.576385498046875 0.10799497365951538 -3.6913323128828779e-05 0.00047591683687642217 -0.0072959675453603268 71 93.958541870117188 0.035484958440065384 -9
SN: DES16C3cmy 10 0 VOID 3 0 51.805999999999997 -27.489090000000001 0.55640000104904175 9.9999997473787516e-06 0.55640000104904175 9.9999997473787516e-06 0.55604803562164307 0.00129790382925421 67.83966064453125 250 0 0 0.008500000461935997 10.706000328063965 0.041999999433755875 -9999 -9999 -9999 -9999 -9999 -9999 -9999 -9999 999 999 999 999 999 999 999 999 999 999 999 999 57695.5 45.518421173095703 36.264877319335938 32.421768188476562 121.97624969482422 griz 0 57695.5 0 1.0693784952163696 0.027485372498631477 -0.014688022434711456 0.027731116861104965 1.5180000066757202 0 42.358871459960938 0.04978092759847641 -0.00030386709840968251 0.00089829560602083802 -0.0012820021947845817 51 67.019012451171875 0.065572552382946014 -9
SN: DES16E1dcx 10 0 VOID 3 0 8.9685000000000006 -43.35812 0.45300000905990601 9.9999997473787516e-06 0.45300000905990601 9.9999997473787516e-06 0.45251798629760742 0.0012116823345422745 99.48101806640625 250 0 0 0.0063000000081956387 10.770000457763672 0.11500000208616257 -9999 -9999 -9999 -9999 -9999 -9999 -9999 -9999 999 999 999 999 999 999 999 999 999 999 999 999 57707 18.340513229370117 13.11883544921875 10.477818489074707 69.928726196289062 griz 0 57707 0 1.2399998903274536 0.00032548268791288137 0.27238297462463379 0.038571923971176147 1.5180000066757202 0 41.994216918945312 0.050521589815616608 -8.4332830738276243e-05 8.8501066784374416e-05 -0.0019631469622254372 89 160.7620849609375 4.8919700930127874e-06 -9
SN: DES16E2clk 10 0 VOID 3 0 9.2036499999999997 -44.139850000000003 0.36700001358985901 9.9999997473787516e-06 0.36700001358985901 9.9999997473787516e-06 0.36663913726806641 0.0011399704962968826 79.150077819824219 250 0 0 0.0071000000461935997 8.9060001373291016 0.081000000238418579 -9999 -9999 -9999 -9999 -9999 -9999 -9999 -9999 999 999 999 999 999 999 999 999 999 999 999 999 57693.69921875 34.930034637451172 32.621463775634766 25.001775741577148 81.112503051757812 griz 0 57693.69921875 0 0.9907691478729248 0.00015167421952355653 0.13254012167453766 0.027898114174604416 1.5180000066757202 0 41.598861694335938 0.041596669703722 -3.8257926462392788e-06 1.7029286027536727e-05 -0.0011012026807293296 45 31.539558410644531 0.93566995859146118 -9
SN: DES16E2cqq 10 0 VOID 3 0 9.9586500000000004 -43.564830000000001 0.42599999904632568 9.9999997473787516e-06 0.42599999904632568 9.9999997473787516e-06 0.4255605936050415 0.0011891680769622326 92.419288635253906 250 0 0 0.0051000001840293407 9.2510004043579102 0.1080000028014183 -9999 -9999 -9999 -9999 -9999 -9999 -9999 -9999 999 999 999 999 999 999 999 999 999 999 999 999 57695.30078125 26.561595916748047 16.035844802856445 12.175100326538086 50.506572723388672 griz 0 57695.30078125 0 0.88736671209335327 0.030013099312782288 0.21209760010242462 0.053716044872999191 1.5180000066757202 0 41.848358154296875 0.073423974215984344 0.00065067759715020657 0.00075193389784544706 -0.002664854982867837 45 55.024028778076172 0.14545182883739471 -9
SN: DES16S1agd 10 0 VOID 3 0 43.083590000000001 -0.91119000000000006 0.50400000810623169 9.9999997473787516e-06 0.50400000810623169 9.9999997473787516e-06 0.50347554683685303 0.0012542093172669411 104.578857421875 250 0 0 0.055900000035762787 9.7469997406005859 0.26199999451637268 -9999 -9999 -9999 -9999 -9999 -9999 -9999 -9999 999 999 999 999 999 999 999 999 999 999 999 999 57644.3984375 12.889439582824707 10.286842346191406 9.0831403732299805 38.044460296630859 griz 0 57644.3984375 0 1.0507792234420776 0.0030155077110975981 0.20642434060573578 0.076593004167079926 1.5180000066757202 0 42.021076202392578 0.099915087223052979 -2.0505974589468678e-06 1.0358865438320208e-05 -0.0071887006051838398 55 78.007804870605469 0.022343823686242104 -9
SN: DES16S1bno 10 0 VOID 3 0 42.515929999999997 -0.021590000000000002 0.4699999988079071 9.9999997473787516e-06 0.4699999988079071 9.9999997473787516e-06 0.46951377391815186 0.0012258581118658185 99.203704833984375 250 0 0 0.051899999380111694 8.5399999618530273 0.0099999997764825821 -9999 -9999 -9999 -9999 -9999 -9999 -9999 -9999 999 999 999 999 999 999 999 999 999 999 999 999 57663.3984375 15.052609443664551 13.764578819274902 9.7757539749145508 41.547657012939453 griz 0 57663.3984375 0 0.83085352182388306 0.049300447106361389 0.040937229990959167 0.07865479588508606 1.5180000066757202 0 42.1104736328125 0.094095088541507721 0.0023236861452460289 0.0016319574788212776 -0.0036094356328248978 64 51.592662811279297 0.86796754598617554 -9
SN: DES16S2afz 10 0 VOID 3 0 41.601370000000003 -1.22529 0.4830000102519989 9.9999997473787516e-06 0.4830000102519989 9.9999997473787516e-06 0.48248660564422607 0.0012366982409730554 103.82099914550781 250 0 0 0.029699999839067459 9.550999641418457 0.25 -9999 -9999 -9999 -9999 -9999 -9999 -9999 -9999 999 999 999 999 999 999 999 999 999 999 999 999 57648 19.823217391967773 19.586887359619141 15.597654342651367 56.117225646972656 griz 0 57648 0 1.1892317533493042 0.00093853281578049064 0.067242302000522614 0.050929460674524307 1.5180000066757202 0 41.993839263916016 0.067672863602638245 -0.00020430824952200055 0.00026380407507531345 -0.0034966468811035156 50 41.885639190673828 0.78592061996459961 -9
SN: DES16X3cry 10 0 VOID 3 0 36.043950000000002 -3.8311099999999998 0.6119999885559082 9.9999997473787516e-06 0.6119999885559082 9.9999997473787516e-06 0.61120843887329102 0.0013442666968330741 147.28007507324219 250 0 0 0.025200000032782555 8.9379997253417969 0.23199999332427979 -9999 -9999 -9999 -9999 -9999 -9999 -9999 -9999 999 999 999 999 999 999 999 999 999 999 999 999 57700.69921875 26.489299774169922 22.617687225341797 16.1917724609375 74.618637084960938 griz 0 57700.69921875 0 1.0945127010345459 0.051568247377872467 0.038260117173194885 0.050897855311632156 1.5180000066757202 0 42.742012023925781 0.087196946144104004 -0.0016649262979626656 0.003254961222410202 -0.0043098754249513149 44 51.270305633544922 0.21005207300186157 -9
SN: DES16X3zd 10 0 VOID 3 0 36.73527 -4.4193899999999999 0.49500000476837158 9.9999997473787516e-06 0.49500000476837158 9.9999997473787516e-06 0.49441659450531006 0.0012467044871300459 117.03221130371094 250 0 0 0.023499999195337296 10.053000450134277 0.0070000002160668373 -9999 -9999 -9999 -9999 -9999 -9999 -9999 -9999 999 999 999 999 999 999 999 999 999 999 999 999 57644.3984375 31.075656890869141 26.341541290283203 19.357843399047852 81.255134582519531 griz 0 57644.3984375 0 0.9078899621963501 0.024417659267783165 0.35655790567398071 0.040142174810171127 1.5180000066757202 0 42.041816711425781 0.049029629677534103 0.00046441872837021947 0.00036602612817659974 -0.0012693724129348993 45 76.176986694335938 0.0025267645251005888 -9
