# VERSION_PHOTOMETRY:  RSR_H 
# SNANA_VERSION: 886408a4-output17g 
# PROGRAM:       snlc_fit.exe 
# TABLE_NAME:    FITRES 
# 
VARNAMES:  CID IDSURVEY TYPE FIELD CUTFLAG_SNANA ERRFLAG_FIT RA DEC zHEL zHELERR zCMB zCMBERR zHD zHDERR VPEC VPECERR LENSDMU LENSDMUERR MWEBV HOST_LOGMASS HOST_LOGMASS_ERR HOST_LOGMASS_ZPHOT HOST_LOGMASS_ZPHOTERR HOST_LOGSFR HOST_LOGSFR_ERR HOST_LOGsSFR HOST_LOGsSFR_ERR HOST_COLOR HOST_COLOR_ERR HOST_MAG_g HOST_MAG_r HOST_MAG_i HOST_MAG_z HOST_MAG_J HOST_MAG_H HOST_MAGERR_g HOST_MAGERR_r HOST_MAGERR_i HOST_MAGERR_z HOST_MAGERR_J HOST_MAGERR_H PKMJDINI SNRMAX1 SNRMAX2 SNRMAX3 SNRSUM BANDLIST OPT_PHOTOZ PKMJD PKMJDERR STRETCH STRETCHERR AV AVERR RV RVERR DLMAG DLMAGERR COV_STRETCH_AV COV_STRETCH_DLMAG COV_AV_DLMAG NDOF FITCHI2 FITPROB RADIUS_POP 
#
SN: DES16C1cim 10 0 VOID 3 0 54.876510000000003 -26.649180000000001 0.53100001811981201 9.9999997473787516e-06 0.53100001811981201 9.9999997473787516e-06 0.53070878982543945 0.001276723574846983 57.043231964111328 250 0 0 0.011699999682605267 8.3920001983642578 0.043999999761581421 -9999 -9999 0 0 0 0 0 0 0 0 0 0 0 0 0 0 0 0 0 0 57686.5 13.16460132598877 8.6230783462524414 8.1672391891479492 39.020034790039062 griz 0 57685.76171875 0.19562830030918121 1.0692458152770996 0.0030914244707673788 0.027549762278795242 0.057005859911441803 1.5180000066757202 0 42.634750366210938 0.08994610607624054 -2.9420370992738754e-06 9.6766834758454934e-06 -0.0048297685571014881 70 93.762397766113281 0.030567564070224762 -9
SN: DES16C3cmy 10 0 VOID 3 0 51.805999999999997 -27.489090000000001 0.55640000104904175 9.9999997473787516e-06 0.55640000104904175 9.9999997473787516e-06 0.55604803562164307 0.00129790382925421 67.83966064453125 250 0 0 0.008500000461935997 10.706000328063965 0.041999999433755875 -9999 -9999 -9999 -9999 -9999 -9999 -9999 -9999 999 999 999 999 999 999 999 999 999 999 999 999 57695.5 45.518421173095703 36.264877319335938 32.421768188476562 121.97624969482422 griz 0 57695.26953125 0.28683954477310181 1.0784623622894287 0.00055117625743150711 -0.019426360726356506 0.025467958301305771 1.5180000066757202 0 42.367244720458984 0.037702456116676331 -1.4215238763881644e-07 3.3315180303361558e-07 -0.00091782212257385254 50 66.360931396484375 0.060503363609313965 -9
SN: DES16E1dcx 10 0 VOID 3 0 8.9685000000000006 -43.35812 0.45300000905990601 9.9999997473787516e-06 0.45300000905990601 9.9999997473787516e-06 0.45251798629760742 0.0012116823345422745 99.48101806640625 250 0 0 0.0063000000081956387 10.770000457763672 0.11500000208616257 -9999 -9999 -9999 -9999 -9999 -9999 -9999 -9999 999 999 999 999 999 999 999 999 999 999 999 999 57707 18.340513229370117 13.11883544921875 10.477818489074707 69.928726196289062 griz 0 57704.81640625 0.756644606590271 1.2953873872756958 0.00093198299873620272 0.17051254212856293 0.042250439524650574 1.5180000066757202 0 42.054367065429688 0.051088251173496246 -1.215985435010225e-06 8.6469884763573646e-07 -0.0019344619940966368 88 155.15185546875 1.3289226444612723e-05 -9
SN: DES16E2clk 10 0 VOID 3 0 9.2036499999999997 -44.139850000000003 0.36700001358985901 9.9999997473787516e-06 0.36700001358985901 9.9999997473787516e-06 0.36663913726806641 0.0011399704962968826 79.150077819824219 250 0 0 0.0071000000461935997 8.9060001373291016 0.081000000238418579 -9999 -9999 -9999 -9999 -9999 -9999 -9999 -9999 999 999 999 999 999 999 999 999 999 999 999 999 57693.69921875 34.930034637451172 32.621463775634766 25.001775741577148 81.112503051757812 griz 0 57693.25390625 0.39821115136146545 1.0017836093902588 0.026026144623756409 0.13355764746665955 0.028334179893136024 1.5180000066757202 0 41.603549957275391 0.052792508155107498 -0.00011062208068324253 0.00081844342639669776 -0.0012466622283682227 44 30.374591827392578 0.94108843803405762 -9
SN: DES16E2cqq 10 0 VOID 3 0 9.9586500000000004 -43.564830000000001 0.42599999904632568 9.9999997473787516e-06 0.42599999904632568 9.9999997473787516e-06 0.4255605936050415 0.0011891680769622326 92.419288635253906 250 0 0 0.0051000001840293407 9.2510004043579102 0.1080000028014183 -9999 -9999 -9999 -9999 -9999 -9999 -9999 -9999 999 999 999 999 999 999 999 999 999 999 999 999 57695.30078125 26.561595916748047 16.035844802856445 12.175100326538086 50.506572723388672 griz 0 57694.9296875 0.63587385416030884 0.89723485708236694 0.03511352464556694 0.22044260799884796 0.053982648998498917 1.5180000066757202 0 41.849922180175781 0.075138233602046967 0.00077539286576211452 0.00097554712556302547 -0.0026268702931702137 44 54.675327301025391 0.12988439202308655 -9
SN: DES16S1agd 10 0 VOID 3 0 43.083590000000001 -0.91119000000000006 0.50400000810623169 9.9999997473787516e-06 0.50400000810623169 9.9999997473787516e-06 0.50347554683685303 0.0012542093172669411 104.578857421875 250 0 0 0.055900000035762787 9.7469997406005859 0.26199999451637268 -9999 -9999 -9999 -9999 -9999 -9999 -9999 -9999 999 999 999 999 999 999 999 999 999 999 999 999 57644.3984375 12.889439582824707 10.286842346191406 9.0831403732299805 38.044460296630859 griz 0 57644.8046875 0.075025573372840881 1.0507690906524658 0.00043436317355372012 0.2055336982011795 0.076553501188755035 1.5180000066757202 0 42.028434753417969 0.09989938884973526 -4.6308787915450011e-08 2.2898184681707789e-07 -0.0071861343458294868 54 77.5743408203125 0.019446495920419693 -9
SN: DES16S1bno 10 0 VOID 3 0 42.515929999999997 -0.021590000000000002 0.4699999988079071 9.9999997473787516e-06 0.4699999988079071 9.9999997473787516e-06 0.46951377391815186 0.0012258581118658185 99.203704833984375 250 0 0 0.051899999380111694 8.5399999618530273 0.0099999997764825821 -9999 -9999 -9999 -9999 -9999 -9999 -9999 -9999 999 999 999 999 999 999 999 999 999 999 999 999 57663.3984375 15.052609443664551 13.764578819274902 9.7757539749145508 41.547657012939453 griz 0 57663.1640625 0.59917497634887695 0.84026670455932617 0.050362419337034225 0.047234226018190384 0.074142441153526306 1.5180000066757202 0 42.1185302734375 0.098635360598564148 0.00195342767983675 0.0022315597161650658 -0.0034632536116987467 63 51.439659118652344 0.85088044404983521 -9
SN: DES16S2afz 10 0 VOID 3 0 41.601370000000003 -1.22529 0.4830000102519989 9.9999997473787516e-06 0.4830000102519989 9.9999997473787516e-06 0.48248660564422607 0.0012366982409730554 103.82099914550781 250 0 0 0.029699999839067459 9.550999641418457 0.25 -9999 -9999 -9999 -9999 -9999 -9999 -9999 -9999 999 999 999 999 999 999 999 999 999 999 999 999 57648 19.823217391967773 19.586887359619141 15.597654342651367 56.117225646972656 griz 0 57649.19140625 0.025736261159181595 1.0478075742721558 0.057244174182415009 0.178482785820961 0.051051069051027298 1.5180000066757202 0 41.847537994384766 0.085547924041748047 -0.00033233757130801678 0.0030810097232460976 -0.0035781355109065771 49 42.943592071533203 0.71595215797424316 -9
SN: DES16X3cry 10 0 VOID 3 0 36.043950000000002 -3.8311099999999998 0.6119999885559082 9.9999997473787516e-06 0.6119999885559082 9.9999997473787516e-06 0.61120843887329102 0.0013442666968330741 147.28007507324219 250 0 0 0.025200000032782555 8.9379997253417969 0.23199999332427979 -9999 -9999 -9999 -9999 -9999 -9999 -9999 -9999 999 999 999 999 999 999 999 999 999 999 999 999 57700.69921875 26.489299774169922 22.617687225341797 16.1917724609375 74.618637084960938 griz 0 57700.6171875 0.44526055455207825 1.0969228744506836 0.00028093275614082813 0.037026546895503998 0.039284083992242813 1.5180000066757202 0 42.743465423583984 0.060060430318117142 -1.9084014638792723e-05 3.8460064388345927e-05 -0.0022946605458855629 43 51.235237121582031 0.18198607861995697 -9
SN: DES16X3zd 10 0 VOID 3 0 36.73527 -4.4193899999999999 0.49500000476837158 9.9999997473787516e-06 0.49500000476837158 9.9999997473787516e-06 0.49441659450531006 0.0012467044871300459 117.03221130371094 250 0 0 0.023499999195337296 10.053000450134277 0.0070000002160668373 -9999 -9999 -9999 -9999 -9999 -9999 -9999 -9999 999 999 999 999 999 999 999 999 999 999 999 999 57644.3984375 31.075656890869141 26.341541290283203 19.357843399047852 81.255134582519531 griz 0 57645.046875 0.36529296636581421 0.86885255575180054 0.029291383922100067 0.32150727510452271 0.044562689960002899 1.5180000066757202 0 42.02337646484375 0.04979349672794342 0.00079629564424976707 0.00050738680874928832 -0.0010804238263517618 44 75.21826171875 0.0023342962376773357 -9
