# VERSION_PHOTOMETRY:  RSR_B 
# SNANA_VERSION: 886408a4-output17g 
# PROGRAM:       snlc_fit.exe 
# TABLE_NAME:    FITRES 
# 
VARNAMES:  CID IDSURVEY TYPE FIELD CUTFLAG_SNANA ERRFLAG_FIT RA DEC zHEL zHELERR zCMB zCMBERR zHD zHDERR VPEC VPECERR LENSDMU LENSDMUERR MWEBV HOST_LOGMASS HOST_LOGMASS_ERR HOST_LOGMASS_ZPHOT HOST_LOGMASS_ZPHOTERR HOST_LOGSFR HOST_LOGSFR_ERR HOST_LOGsSFR HOST_LOGsSFR_ERR HOST_COLOR HOST_COLOR_ERR HOST_MAG_g HOST_MAG_r HOST_MAG_i HOST_MAG_z HOST_MAG_J HOST_MAG_H HOST_MAGERR_g HOST_MAGERR_r HOST_MAGERR_i HOST_MAGERR_z HOST_MAGERR_J HOST_MAGERR_H PKMJDINI SNRMAX1 SNRMAX2 SNRMAX3 SNRSUM BANDLIST OPT_PHOTOZ PKMJD PKMJDERR STRETCH STRETCHERR AV AVERR RV RVERR DLMAG DLMAGERR COV_STRETCH_AV COV_STRETCH_DLMAG COV_AV_DLMAG NDOF FITCHI2 FITPROB RADIUS_POP 
#
SN: DES16C1cim 10 0 VOID 3 0 54.876510000000003 -26.649180000000001 0.53100001811981201 9.9999997473787516e-06 0.53100001811981201 9.9999997473787516e-06 0.53070878982543945 0.001276723574846983 57.043231964111328 250 0 0 0.011699999682605267 8.3920001983642578 0.043999999761581421 -9999 -9999 0 0 0 0 0 0 0 0 0 0 0 0 0 0 0 0 0 0 57686.5 13.166896820068359 8.6257553100585938 8.1694469451904297 39.029220581054688 griz 0 57685.76171875 0.11740287393331528 1.0692416429519653 0.002720230259001255 0.027550628408789635 0.055644363164901733 1.5180000066757202 0 42.634719848632812 0.088043339550495148 -2.1620030565827619e-06 7.3461137617414352e-06 -0.0046059982851147652 70 93.790512084960938 0.030432479456067085 -9
SN: DES16C3cmy 10 0 VOID 3 0 51.805999999999997 -27.489090000000001 0.55640000104904175 9.9999997473787516e-06 0.55640000104904175 9.9999997473787516e-06 0.55604803562164307 0.00129790382925421 67.83966064453125 250 0 0 0.008500000461935997 10.706000328063965 0.041999999433755875 -9999 -9999 -9999 -9999 -9999 -9999 -9999 -9999 999 999 999 999 999 999 999 999 999 999 999 999 57695.5 45.526222229003906 36.270870208740234 32.427448272705078 122.00108337402344 griz 0 57695.26953125 0.2867717444896698 1.0784620046615601 0.00048068226897157729 -0.019431654363870621 0.025462791323661804 1.5180000066757202 0 42.36724853515625 0.037693895399570465 -1.0809327477545594e-07 2.5335853592878266e-07 -0.00091743114171549678 50 66.387565612792969 0.060239128768444061 -9
SN: DES16E1dcx 10 0 VOID 3 0 8.9685000000000006 -43.35812 0.45300000905990601 9.9999997473787516e-06 0.45300000905990601 9.9999997473787516e-06 0.45251798629760742 0.0012116823345422745 99.48101806640625 250 0 0 0.0063000000081956387 10.770000457763672 0.11500000208616257 -9999 -9999 -9999 -9999 -9999 -9999 -9999 -9999 999 999 999 999 999 999 999 999 999 999 999 999 57707 18.344692230224609 13.122199058532715 10.480044364929199 69.946060180664062 griz 0 57704.81640625 0.76856023073196411 1.2953846454620361 0.00045134758693166077 0.17053106427192688 0.04234742745757103 1.5180000066757202 0 42.054367065429688 0.051098383963108063 -2.8692139153463359e-07 2.0338400474884111e-07 -0.0019363191677257419 88 155.22703552246094 1.3061320714768954e-05 -9
SN: DES16E2clk 10 0 VOID 3 0 9.2036499999999997 -44.139850000000003 0.36700001358985901 9.9999997473787516e-06 0.36700001358985901 9.9999997473787516e-06 0.36663913726806641 0.0011399704962968826 79.150077819824219 250 0 0 0.0071000000461935997 8.9060001373291016 0.081000000238418579 -9999 -9999 -9999 -9999 -9999 -9999 -9999 -9999 999 999 999 999 999 999 999 999 999 999 999 999 57693.69921875 34.939640045166016 32.631057739257812 25.007539749145508 81.132415771484375 griz 0 57693.25390625 0.39813771843910217 1.0017824172973633 0.026020675897598267 0.13355879485607147 0.028327984735369682 1.5180000066757202 0 41.603546142578125 0.052781548351049423 -0.00011061332770623267 0.00081813475117087364 -0.0012461456935852766 44 30.388462066650391 0.94086527824401855 -9
SN: DES16E2cqq 10 0 VOID 3 0 9.9586500000000004 -43.564830000000001 0.42599999904632568 9.9999997473787516e-06 0.42599999904632568 9.9999997473787516e-06 0.4255605936050415 0.0011891680769622326 92.419288635253906 250 0 0 0.0051000001840293407 9.2510004043579102 0.1080000028014183 -9999 -9999 -9999 -9999 -9999 -9999 -9999 -9999 999 999 999 999 999 999 999 999 999 999 999 999 57695.30078125 26.568628311157227 16.04005241394043 12.176429748535156 50.519035339355469 griz 0 57694.9296875 0.63572543859481812 0.8972288966178894 0.035105321556329727 0.22041136026382446 0.053972445428371429 1.5180000066757202 0 41.849945068359375 0.075121402740478516 0.00077508541289716959 0.00097501970594748855 -0.002625857712700963 44 54.698345184326172 0.12943615019321442 -9
SN: DES16S1agd 10 0 VOID 3 0 43.083590000000001 -0.91119000000000006 0.50400000810623169 9.9999997473787516e-06 0.50400000810623169 9.9999997473787516e-06 0.50347554683685303 0.0012542093172669411 104.578857421875 250 0 0 0.055900000035762787 9.7469997406005859 0.26199999451637268 -9999 -9999 -9999 -9999 -9999 -9999 -9999 -9999 999 999 999 999 999 999 999 999 999 999 999 999 57644.3984375 12.892724990844727 10.289262771606445 9.0856809616088867 38.053684234619141 griz 0 57644.8046875 0.13950762152671814 1.0507690906524658 0.00045618944568559527 0.20556288957595825 0.076537072658538818 1.5180000066757202 0 42.028396606445312 0.09989900141954422 -5.0852040800464238e-08 2.5117304858213174e-07 -0.0071834851987659931 54 77.604576110839844 0.019338447600603104 -9
SN: DES16S1bno 10 0 VOID 3 0 42.515929999999997 -0.021590000000000002 0.4699999988079071 9.9999997473787516e-06 0.4699999988079071 9.9999997473787516e-06 0.46951377391815186 0.0012258581118658185 99.203704833984375 250 0 0 0.051899999380111694 8.5399999618530273 0.0099999997764825821 -9999 -9999 -9999 -9999 -9999 -9999 -9999 -9999 999 999 999 999 999 999 999 999 999 999 999 999 57663.3984375 15.057110786437988 13.767572402954102 9.7788867950439453 41.558460235595703 griz 0 57663.1640625 0.59902989864349365 0.84027677774429321 0.050349190831184387 0.047232028096914291 0.074124112725257874 1.5180000066757202 0 42.118553161621094 0.09861128032207489 0.0019523553783074021 0.0022304381709545851 -0.0034616359043866396 63 51.460350036621094 0.85038977861404419 -9
SN: DES16S2afz 10 0 VOID 3 0 41.601370000000003 -1.22529 0.4830000102519989 9.9999997473787516e-06 0.4830000102519989 9.9999997473787516e-06 0.48248660564422607 0.0012366982409730554 103.82099914550781 250 0 0 0.029699999839067459 9.550999641418457 0.25 -9999 -9999 -9999 -9999 -9999 -9999 -9999 -9999 999 999 999 999 999 999 999 999 999 999 999 999 57648 19.827890396118164 19.591146469116211 15.600469589233398 56.130664825439453 griz 0 57649.19140625 0.028881300240755081 1.0476944446563721 0.057324629276990891 0.17855840921401978 0.051141545176506042 1.5180000066757202 0 41.847412109375 0.085737891495227814 -0.0002818698703777045 0.0030320568475872278 -0.0035094975028187037 49 42.96209716796875 0.71526044607162476 -9
SN: DES16X3cry 10 0 VOID 3 0 36.043950000000002 -3.8311099999999998 0.6119999885559082 9.9999997473787516e-06 0.6119999885559082 9.9999997473787516e-06 0.61120843887329102 0.0013442666968330741 147.28007507324219 250 0 0 0.025200000032782555 8.9379997253417969 0.23199999332427979 -9999 -9999 -9999 -9999 -9999 -9999 -9999 -9999 999 999 999 999 999 999 999 999 999 999 999 999 57700.69921875 26.494970321655273 22.626251220703125 16.195823669433594 74.638694763183594 griz 0 57700.6171875 0.43872073292732239 1.0969216823577881 0.00061133946292102337 0.036417499184608459 0.039384786039590836 1.5180000066757202 0 42.744441986083984 0.060219280421733856 -2.1550978601680981e-07 4.091251923910022e-07 -0.0022665790747851133 43 51.256229400634766 0.18145473301410675 -9
SN: DES16X3zd 10 0 VOID 3 0 36.73527 -4.4193899999999999 0.49500000476837158 9.9999997473787516e-06 0.49500000476837158 9.9999997473787516e-06 0.49441659450531006 0.0012467044871300459 117.03221130371094 250 0 0 0.023499999195337296 10.053000450134277 0.0070000002160668373 -9999 -9999 -9999 -9999 -9999 -9999 -9999 -9999 999 999 999 999 999 999 999 999 999 999 999 999 57644.3984375 31.078212738037109 26.342624664306641 19.361995697021484 81.272018432617188 griz 0 57645.046875 0.36520746350288391 0.86885857582092285 0.029284784570336342 0.32152798771858215 0.044555675238370895 1.5180000066757202 0 42.023372650146484 0.049781378358602524 0.00079605082282796502 0.00050705455942079425 -0.0010800027521327138 44 75.245071411132812 0.0023196625988930464 -9
