# VERSION_PHOTOMETRY:  DES-SN5YR_DES 
# SNANA_VERSION: 2f19e34 
# PROGRAM:       snlc_fit.exe 
# TABLE_NAME:    FITRES 
# 
VARNAMES:  CID IDSURVEY TYPE FIELD CUTFLAG_SNANA ERRFLAG_FIT RA DEC zHEL zHELERR zCMB zCMBERR zHD zHDERR VPEC VPECERR LENSDMU LENSDMUERR MWEBV HOST_NMATCH HOST_NMATCH2 HOST_OBJID HOST_ZPHOT HOST_ZPHOTERR HOST_ZSPEC HOST_ZSPECERR HOST_RA HOST_DEC HOST_ANGSEP HOST_DDLR HOST_CONFUSION HOST_LOGMASS HOST_LOGMASS_ERR HOST_LOGMASS_ZPHOT HOST_LOGMASS_ZPHOTERR HOST_LOGSFR HOST_LOGSFR_ERR HOST_LOGsSFR HOST_LOGsSFR_ERR HOST_COLOR HOST_COLOR_ERR HOST_MAG_g HOST_MAG_r HOST_MAG_i HOST_MAG_z HOST_MAGERR_g HOST_MAGERR_r HOST_MAGERR_i HOST_MAGERR_z HOST_SBFLUXCAL_g HOST_SBFLUXCAL_r HOST_SBFLUXCAL_i HOST_SBFLUXCAL_z HOST_SBMAG_g HOST_SBMAG_r HOST_SBMAG_i HOST_SBMAG_z PKMJDINI SNRMAX1 SNRMAX2 SNRMAX3 SNRSUM BANDLIST OPT_PHOTOZ PKMJD PKMJDERR x1 x1ERR c cERR mB mBERR x0 x0ERR COV_x1_c COV_x1_x0 COV_c_x0 NDOF FITCHI2 FITPROB RADIUS_POP 
#
SN: 1652139 10 0 C3 3 0 53.220951 -28.031702 0.78334 0.00100 0.78266 0.00100 0.78266 0.00205 0 300 0 0 6.12620e-03 1 2 -25122 -9 -9 0.78330 1.00000e-03 53.220968 -28.031461 0.86900 0.55700 -3.92631e+00 11.08400 1.20000e-02 -9999 -9999 1.19600 0.29900 -9.88500e+00 0.30755 1.35000 -999 24.80000 23.18000 21.94000 21.47000 2.00000e-02 0 0 0 2.25000 11.54000 35.76000 50.88000 26.61954 24.84449 23.61651 23.23363 57763.1250 17.18143 14.13990 10.63871 46.68209 riz 0 57762.6094 0.5610 9.39394e-02 0.49806 4.53067e-02 4.74501e-02 24.08527 4.24262e-02 4.16766e-06 1.62855e-07 5.13028e-03 -5.48071e-08 -5.96432e-10 25 12.56254 0.98143 0.154235
SN: 1480038 10 1 X2 3 0 35.783440 -6.791725 0.33530 0.00100 0.33423 0.00100 0.33423 0.00167 0 300 0 0 2.08897e-02 1 1 103731 -9 -9 0.33530 1.00000e-03 35.783585 -6.791717 0.51800 0.49300 -9 10.45900 1.30000e-02 -9999 -9999 0.93600 0.37700 -9.50700e+00 0.37783 1.04600 -999 22.20000 20.98000 20.47000 20.12000 0 0 0 0 31.66000 105.62000 165.13000 215.77000 23.74872 22.44063 21.95543 21.66502 57681.0977 27.31788 20.78349 16.13302 79.01163 griz 0 57680.4727 0.2973 0.80135 0.24302 -1.65030e-02 2.04045e-02 21.70276 2.93605e-02 3.74022e-05 1.01143e-06 7.62741e-04 -1.62337e-07 -1.03949e-08 53 39.25855 0.92000 0.272723
SN: 1442085 10 0 S2 3 0 41.011128 -0.765274 0.63476 0.00100 0.63355 0.00100 0.63355 0.00192 0 300 0 0 2.99513e-02 1 1 -20555 -9 -9 0.63480 1.00000e-03 41.011193 -0.765134 0.55400 0.71100 -9 10.52900 3.50000e-02 -9999 -9999 0.69200 0.54100 -9.83600e+00 0.56035 0.97300 -999 23.98000 22.64000 21.89000 21.47000 2.00000e-02 1.00000e-02 0 0 5.93000 19.96000 43.13000 59.70000 25.56736 24.24960 23.41305 23.06006 57663.3125 8.76027 7.58699 6.25021 21.12893 riz 0 57666.3281 1.0936 -1.43716e+00 0.90141 3.12311e-03 9.39014e-02 23.60447 8.93656e-02 6.48953e-06 5.34145e-07 1.01894e-02 -2.72415e-07 -2.26977e-08 46 57.63972 0.11658 0.479168
SN: 1318689 10 0 C2 3 0 53.997543 -29.956009 0.49392 0.00100 0.49338 0.00100 0.49338 0.00180 0 300 0 0 1.34456e-02 1 2 24844 -9 -9 0.49390 1.00000e-03 53.997479 -29.956131 0.48300 0.97300 -3.14000e+00 8.74300 6.20000e-02 -9999 -9999 -1.24000e-01 0.42100 -8.89500e+00 0.49534 0.12900 -999 25.05000 24.06000 23.83000 23.66000 5.00000e-02 3.00000e-02 3.00000e-02 4.00000e-02 2.14000 5.37000 5.98000 7.66000 26.67397 25.67506 25.55825 25.28943 57011.0859 32.79677 16.79558 12.24973 50.45493 riz 0 57014.4023 0.7096 0.62172 0.52686 -3.34421e-02 4.62496e-02 22.78494 4.78624e-02 1.38046e-05 6.08547e-07 4.30272e-03 -1.68192e-07 -1.93630e-08 34 38.75060 0.26392 0.235317
SN: 1311247 10 0 E2 3 0 8.020238 -43.909603 0.44288 0.00100 0.44183 0.00100 0.44183 0.00176 0 300 0 0 6.73702e-03 1 1 29612 -9 -9 0.44290 1.00000e-03 8.020134 -43.909563 0.30600 0.24300 -9 10.78100 2.60000e-02 -9999 -9999 0.70300 0 -1.00670e+01 0 0.74200 -999 21.09000 19.68000 19.30000 19.25000 0 0 0 0 83.56000 290.91000 381.47000 437.25000 22.69500 21.34060 21.04635 20.89817 56992.0508 27.36720 17.86778 11.15295 68.84309 riz 0 56992.7539 0.5062 2.57387 0.53081 5.48461e-02 4.47671e-02 22.13956 5.42148e-02 2.50136e-05 1.24902e-06 7.16875e-03 -4.48601e-07 -4.33370e-08 32 34.21210 0.36190 0.877219
SN: 1923060 10 1 X1 3 0 34.833687 -5.172581 0.38361 0.00100 0.38247 0.00100 0.38247 0.00171 0 300 0 0 1.85238e-02 1 1 141770 -9 -9 0.38360 1.00000e-03 34.833242 -5.172078 2.41400 2.16600 -9 10.29800 1.30000e-02 -9999 -9999 1.42600 2.60000e-02 -8.86200e+00 4.85489e-02 0.52500 -999 21.95000 20.93000 20.48000 20.12000 0 0 0 0 7.05000 18.31000 19.12000 22.91000 25.37953 24.34328 24.29628 24.09994 58101.0469 35.03707 31.34673 19.32817 93.05608 riz 0 58103.0547 0.3639 0.29445 0.35417 2.76120e-02 3.13961e-02 22.05702 3.60146e-02 2.69894e-05 8.95256e-07 3.88989e-03 -1.74371e-07 -2.40885e-08 20 18.20408 0.57397 0.134555
SN: 1896213 10 0 C3 3 0 52.232731 -27.124613 0.68757 0.00100 0.68688 0.00100 0.68688 0.00196 0 300 0 0 9.66597e-03 1 1 134643 -9 -9 0.68760 1.00000e-03 52.233015 -27.125194 2.28200 1.79700 -9 11.07800 2.50000e-02 -9999 -9999 -4.99000e-01 9.50100 -1.15870e+01 9.50129 1.48700 -999 24.37000 22.46000 21.31000 20.76000 1.00000e-02 0 0 0 0.98000 5.03000 12.04000 16.79000 27.50000 25.74608 24.79843 24.43737 58064.2617 15.65222 12.75292 12.40458 43.03507 riz 0 58064.4023 0.5481 -9.65990e-01 0.40935 0.14155 5.07467e-02 23.90147 4.32435e-02 4.93640e-06 1.96610e-07 6.01033e-03 -4.96181e-08 -5.21164e-09 42 55.08786 8.48756e-02 0.571225
SN: 1339609 10 0 C2+C3 3 0 53.323910 -28.724577 1.12212 0.00100 1.12132 0.00100 1.12132 0.00235 0 300 0 0 6.97422e-03 1 1 42756 -9 -9 1.12210 1.00000e-03 53.323725 -28.724712 0.75900 1.16700 -9 10.90200 1.20000e-02 -9999 -9999 1.39700 0.31900 -9.50200e+00 0.32032 0.76400 -999 23.72000 23.05000 22.32000 21.53000 1.00000e-02 1.00000e-02 1.00000e-02 1.00000e-02 5.16000 9.45000 21.75000 38.94000 25.71838 25.06142 24.15635 23.52401 57379.0742 19.78152 16.40266 -99 38.85509 iz 0 57372.3594 1.0036 0.88612 0.61486 -6.94160e-02 7.86425e-02 24.49393 5.59683e-02 2.86042e-06 1.47451e-07 1.23563e-02 -4.30309e-08 5.37449e-09 39 34.58170 0.67156 0.375215
SN: 1289306 10 0 E1+E2 3 0 8.238297 -43.782833 0.54380 0.00100 0.54268 0.00100 0.54268 0.00184 0 300 0 0 5.33359e-03 1 2 -5467 -9 -9 0.54380 1.00000e-03 8.238298 -43.782772 0.22000 0.23400 -4.26699e+00 10.77300 2.70000e-02 -9999 -9999 1.00400 0.17600 -9.83600e+00 0.18868 1.18500 -999 23.69000 22.06000 21.28000 20.77000 2.00000e-02 0 0 0 8.20000 36.70000 74.12000 105.53000 25.21547 23.58834 22.82516 22.44156 57265.2305 10.94361 10.38245 8.91809 30.58871 riz 0 57267.0586 0.5915 -2.69976e+00 0.59191 -5.71220e-02 6.88495e-02 23.31968 6.86539e-02 8.43583e-06 5.33419e-07 8.73588e-03 -1.83851e-07 -2.47430e-08 100 87.73702 0.80447 0.919844
SN: 1280240 10 1 C2 3 0 55.229565 -28.688652 0.05999 0.00100 0.05962 0.00100 0.05962 0.00146 0 300 0 0 1.06423e-02 1 1 2289 -9 -9 6.00000e-02 1.00000e-03 55.228673 -28.689131 3.30300 1.39000 -9 10.02100 1.60000e-02 -9999 -9999 5.00000e-03 4.25800 -1.00200e+01 4.25950 1.07400 -999 19.85000 19.11000 18.70000 18.45000 0 0 0 0 131.41000 212.02000 305.42999 389.03000 22.20343 21.68406 21.28772 21.02504 57276.3555 432.34897 431.31305 206.38449 924.82227 gri 0 57257.7031 0.3316 0.36573 0.16110 3.83883e-02 1.91124e-02 17.99739 2.59954e-02 1.13513e-03 2.71779e-05 6.99603e-04 -1.21830e-06 -4.43450e-07 20 26.51008 0.14962 0.176737
SN: 1330817 10 0 S2 3 0 41.108952 -1.447716 0.27144 0.00100 0.27051 0.00100 0.27051 0.00162 0 300 0 0 2.72209e-02 1 1 39351 -9 -9 0.27140 1.00000e-03 41.109720 -1.448341 3.56200 3.60800 -9 10.54300 0.12000 -9999 -9999 -5.27000e-01 9.47300 -1.09430e+01 9.47306 1.54800 -999 21.93000 20.44000 19.96000 19.61000 0 0 0 0 0.50000 2.48000 3.96000 5.45000 27.50000 26.51387 26.00576 25.65901 57311.2969 45.46698 44.58213 41.81702 115.68567 griz 0 57308.9609 0.2778 -1.10463e+00 0.24382 -2.74653e-02 1.88820e-02 21.61718 2.23380e-02 4.04696e-05 8.32625e-07 9.75818e-04 -8.00908e-08 -1.01395e-08 45 42.84259 0.56376 0.379422
SN: 1256819 10 0 X3 3 0 37.317406 -4.137487 0.58701 0.00100 0.58576 0.00100 0.58576 0.00188 0 300 0 0 2.57874e-02 1 1 18838 -9 -9 0.58700 1.00000e-03 37.317287 -4.137697 0.86900 1.03400 -9 9.35800 1.90000e-02 -9999 -9999 -2.50000e-02 3.00000e-02 -9.38000e+00 7.98499e-02 0.30600 -999 24.75000 23.71000 23.30000 23.11000 2.00000e-02 1.00000e-02 1.00000e-02 1.00000e-02 2.36000 5.61000 8.23000 10.82000 26.56772 25.62759 25.21150 24.91443 56602.2500 25.49855 23.86874 19.57900 60.01256 riz 0 56600.0117 0.5886 -9.02244e-02 0.31371 -1.24454e-02 3.82756e-02 23.32270 3.46194e-02 8.41241e-06 2.68235e-07 5.07255e-04 -3.72906e-08 -6.33549e-09 29 17.52932 0.95331 0.051239
