# VERSION_PHOTOMETRY:  RSR_A 
# SNANA_VERSION: 886408a4-output17g 
# PROGRAM:       snlc_fit.exe 
# TABLE_NAME:    FITRES 
# 
VARNAMES:  CID IDSURVEY TYPE FIELD CUTFLAG_SNANA ERRFLAG_FIT RA DEC zHEL zHELERR zCMB zCMBERR zHD zHDERR VPEC VPECERR LENSDMU LENSDMUERR MWEBV HOST_LOGMASS HOST_LOGMASS_ERR HOST_LOGMASS_ZPHOT HOST_LOGMASS_ZPHOTERR HOST_LOGSFR HOST_LOGSFR_ERR HOST_LOGsSFR HOST_LOGsSFR_ERR HOST_COLOR HOST_COLOR_ERR HOST_MAG_g HOST_MAG_r HOST_MAG_i HOST_MAG_z HOST_MAG_J HOST_MAG_H HOST_MAGERR_g HOST_MAGERR_r HOST_MAGERR_i HOST_MAGERR_z HOST_MAGERR_J HOST_MAGERR_H PKMJDINI SNRMAX1 SNRMAX2 SNRMAX3 SNRSUM BANDLIST OPT_PHOTOZ PKMJD PKMJDERR STRETCH STRETCHERR AV AVERR RV RVERR DLMAG DLMAGERR COV_STRETCH_AV COV_STRETCH_DLMAG COV_AV_DLMAG NDOF FITCHI2 FITPROB RADIUS_POP 
#
SN: DES16C1cim 10 0 VOID 3 0 54.876510000000003 -26.649180000000001 0.53100001811981201 9.9999997473787516e-06 0.53100001811981201 9.9999997473787516e-06 0.53070878982543945 0.001276723574846983 57.043231964111328 250 0 0 0.011699999682605267 8.3920001983642578 0.043999999761581421 -9999 -9999 0 0 0 0 0 0 0 0 0 0 0 0 0 0 0 0 0 0 57686.5 13.166896820068359 8.6257553100585938 8.1694469451904297 38.833156585693359 griz 0 57685.578125 1.3225948810577393 1.2076988220214844 0.0026047572027891874 -0.087438397109508514 0.072434596717357635 1.5180000066757202 0 42.780605316162109 0.10867403447628021 -9.9204307844047435e-06 9.885149665933568e-06 -0.0073044872842729092 61 56.182609558105469 0.65076154470443726 -9
SN: DES16C3cmy 10 0 VOID 3 0 51.805999999999997 -27.489090000000001 0.55640000104904175 9.9999997473787516e-06 0.55640000104904175 9.9999997473787516e-06 0.55604803562164307 0.00129790382925421 67.83966064453125 250 0 0 0.008500000461935997 10.706000328063965 0.041999999433755875 -9999 -9999 -9999 -9999 -9999 -9999 -9999 -9999 999 999 999 999 999 999 999 999 999 999 999 999 57695.5 45.526222229003906 36.270870208740234 32.427448272705078 116.56592559814453 griz 0 57695.83984375 0.015738518908619881 1.0553854703903198 0.00039935254608280957 0.01971721462905407 0.02693307027220726 1.5180000066757202 0 42.312179565429688 0.039132043719291687 -6.4360397118434776e-06 1.8780418031383306e-05 -0.0010155880590900779 46 53.131553649902344 0.21859279274940491 -9
SN: DES16E1dcx 10 0 VOID 3 0 8.9685000000000006 -43.35812 0.45300000905990601 9.9999997473787516e-06 0.45300000905990601 9.9999997473787516e-06 0.45251798629760742 0.0012116823345422745 99.48101806640625 250 0 0 0.0063000000081956387 10.770000457763672 0.11500000208616257 -9999 -9999 -9999 -9999 -9999 -9999 -9999 -9999 999 999 999 999 999 999 999 999 999 999 999 999 57707 18.344692230224609 13.122199058532715 10.480044364929199 69.946052551269531 griz 0 57704.81640625 0.78854358196258545 1.2953944206237793 0.0032860657665878534 0.17048934102058411 0.04273553192615509 1.5180000066757202 0 42.05438232421875 0.05117875337600708 -1.5316689314204268e-05 1.0784909136418719e-05 -0.001951357233338058 87 155.217041015625 9.6449502962059341e-06 -9
SN: DES16E2clk 10 0 VOID 3 0 9.2036499999999997 -44.139850000000003 0.36700001358985901 9.9999997473787516e-06 0.36700001358985901 9.9999997473787516e-06 0.36663913726806641 0.0011399704962968826 79.150077819824219 250 0 0 0.0071000000461935997 8.9060001373291016 0.081000000238418579 -9999 -9999 -9999 -9999 -9999 -9999 -9999 -9999 999 999 999 999 999 999 999 999 999 999 999 999 57693.69921875 34.939640045166016 32.631057739257812 25.007539749145508 81.132415771484375 griz 0 57693.25390625 0.39813777804374695 1.0017818212509155 0.026020621880888939 0.13355900347232819 0.028328010812401772 1.5180000066757202 0 41.603546142578125 0.052781719714403152 -0.00011062131670769304 0.00081814092118293047 -0.0012461552396416664 44 30.388416290283203 0.94086599349975586 -9
SN: DES16E2cqq 10 0 VOID 3 0 9.9586500000000004 -43.564830000000001 0.42599999904632568 9.9999997473787516e-06 0.42599999904632568 9.9999997473787516e-06 0.4255605936050415 0.0011891680769622326 92.419288635253906 250 0 0 0.0051000001840293407 9.2510004043579102 0.1080000028014183 -9999 -9999 -9999 -9999 -9999 -9999 -9999 -9999 999 999 999 999 999 999 999 999 999 999 999 999 57695.30078125 26.568628311157227 16.04005241394043 12.176429748535156 50.519035339355469 griz 0 57694.92578125 0.6357579231262207 0.89732092618942261 0.035098817199468613 0.22052082419395447 0.053947586566209793 1.5180000066757202 0 41.849998474121094 0.075112819671630859 0.00077430752571672201 0.00097535428358241916 -0.0026240134611725807 44 54.720222473144531 0.12901124358177185 -9
SN: DES16S1agd 10 0 VOID 3 0 43.083590000000001 -0.91119000000000006 0.50400000810623169 9.9999997473787516e-06 0.50400000810623169 9.9999997473787516e-06 0.50347554683685303 0.0012542093172669411 104.578857421875 250 0 0 0.055900000035762787 9.7469997406005859 0.26199999451637268 -9999 -9999 -9999 -9999 -9999 -9999 -9999 -9999 999 999 999 999 999 999 999 999 999 999 999 999 57644.3984375 12.892724990844727 10.289262771606445 9.0856809616088867 37.936531066894531 griz 0 57644.77734375 0.068649493157863617 1.0830835103988647 0.0021552145481109619 0.1709291934967041 0.070488058030605316 1.5180000066757202 0 42.090896606445312 0.093185916543006897 -5.0252823712071404e-05 0.00012911084922961891 -0.0067007318139076233 49 59.062351226806641 0.15374433994293213 -9
SN: DES16S1bno 10 0 VOID 3 0 42.515929999999997 -0.021590000000000002 0.4699999988079071 9.9999997473787516e-06 0.4699999988079071 9.9999997473787516e-06 0.46951377391815186 0.0012258581118658185 99.203704833984375 250 0 0 0.051899999380111694 8.5399999618530273 0.0099999997764825821 -9999 -9999 -9999 -9999 -9999 -9999 -9999 -9999 999 999 999 999 999 999 999 999 999 999 999 999 57663.3984375 15.057110786437988 13.767572402954102 9.7788867950439453 41.480075836181641 griz 0 57663.078125 0.6126219630241394 0.85692298412322998 0.0010393947595730424 0.053922440856695175 0.06353488564491272 1.5180000066757202 0 42.137752532958984 0.088240690529346466 0.00013162908726371825 0.00017987565661314875 -0.0051035890355706215 57 39.272228240966797 0.9647216796875 -9
SN: DES16S2afz 10 0 VOID 3 0 41.601370000000003 -1.22529 0.4830000102519989 9.9999997473787516e-06 0.4830000102519989 9.9999997473787516e-06 0.48248660564422607 0.0012366982409730554 103.82099914550781 250 0 0 0.029699999839067459 9.550999641418457 0.25 -9999 -9999 -9999 -9999 -9999 -9999 -9999 -9999 999 999 999 999 999 999 999 999 999 999 999 999 57648 19.827890396118164 19.591146469116211 15.600469589233398 56.088371276855469 griz 0 57648.52734375 0.9547761082649231 1.1892307996749878 0.00030055377283133566 0.078640848398208618 0.055096246302127838 1.5180000066757202 0 41.990703582763672 0.068109802901744843 -8.4082380169547832e-08 8.7644011159682123e-08 -0.0034179170615971088 47 36.047817230224609 0.87725836038589478 -9
SN: DES16X3cry 10 0 VOID 3 0 36.043950000000002 -3.8311099999999998 0.6119999885559082 9.9999997473787516e-06 0.6119999885559082 9.9999997473787516e-06 0.61120843887329102 0.0013442666968330741 147.28007507324219 250 0 0 0.025200000032782555 8.9379997253417969 0.23199999332427979 -9999 -9999 -9999 -9999 -9999 -9999 -9999 -9999 999 999 999 999 999 999 999 999 999 999 999 999 57700.69921875 26.494970321655273 22.626251220703125 16.195823669433594 74.603851318359375 griz 0 57700.625 0.44518810510635376 1.096921443939209 0.00074795610271394253 0.035301711410284042 0.039365317672491074 1.5180000066757202 0 42.745956420898438 0.060196701437234879 -1.5318972145905718e-05 3.0850143957650289e-05 -0.0022913836874067783 39 44.1646728515625 0.2625260055065155 -9
SN: DES16X3zd 10 0 VOID 3 0 36.73527 -4.4193899999999999 0.49500000476837158 9.9999997473787516e-06 0.49500000476837158 9.9999997473787516e-06 0.49441659450531006 0.0012467044871300459 117.03221130371094 250 0 0 0.023499999195337296 10.053000450134277 0.0070000002160668373 -9999 -9999 -9999 -9999 -9999 -9999 -9999 -9999 999 999 999 999 999 999 999 999 999 999 999 999 57644.3984375 31.078212738037109 26.342624664306641 19.361995697021484 81.236831665039062 griz 0 57644.89453125 0.31443849205970764 0.89384585618972778 0.00036632423871196806 0.3414824903011322 0.035173971205949783 1.5180000066757202 0 42.039718627929688 0.046573996543884277 3.6951932997908443e-05 3.1776988180354238e-05 -0.0015332391485571861 39 62.313144683837891 0.010257747024297714 -9
