1371046
1330031
1336975
1519038
1334084
1815065
1317666
1283923
1296657
1316385
1293758
1306366
1317164
1299775
1250034
1248907
1479069
1303496
1339392
1336662
1250017
1257695
1296321
1336453
1273127
1261193
1879208
1253920
1298893
1334620
1922067
1782065
1550021
1283373
1315197
1324509
1257366
1309013
1297501
1249851
1371126
1282114
1313230
1290816
1304678
1919017
1342255
1302187
1250912
1682020
1259352
1867019
1331123
1929063
1259246
1641279
1878148
1292560
1315192
1315259
1879426
1257533
1288083
1262746
1302648
1275946
1310367
1292336
1336687
1279500
1319366
1860025
1921033
1317277
1373042
1434248
1262573
1840041
1366436
1368188
1319711
1780045
1344355
1248441
1246275
1927242
1334645
1879256
1901059
1367234
1302359
1262726
1373028
1336480
1339702
1279420
1321450
1297026
1303883
1289664
1697026
1337649
1373040
1910132
1701055
1344347
1261784
1892103
1334087
1309288
1300390
1249970
1560034
1320704
1309874
1330817
1366690
1773078
1968046
1278493
1292332
1260050
1502065
1250279
1260556
1547086
1339756
1368133
1792093
1503024
1297465
1291242
1261963
1255576
1248084
1902212
1249483
1297927
1312897
1862039
1334644
1313594
1289288
1538019
1371022
1861178
1302123
1531089
1263715
1292227
1291090
1262550
1340706
1721068
1256680
1250665
1310432
1300703
1257934
1293319
1291346
1547071
1305051
1321006
1339002
1905171
1335717
1340954
1849051
1281668
1368131
1777124
1319821
1292767
1650024
1300516
1321338
1264434
1338128
1791116
1337838
1662023
1283878
1341894
1850045
1880686
1929024
1943111
1913214
1300179
1265165
1345553
1625037
1897267
1293366
1566028
1246527
1366482
1261579
1310396
1248243
1292033
1592028
1340700
1305626
1308326
1469040
1314071
1259511
1303215
1337687
1293783
1316465
1306073
1653101
1301933
1569050
1847079
1264068
1338675
1321276
1449074
1306141
1257356
1346956
1309492
1260241
1319066
1295024
1335305
1309293
1297318
1480038
1346966
1323016
1531112
1246281
1330530
1929216
1287437
1314897
1871017
1320501
1322819
1313057
1263197
1300912
1257016
1262131
1294351
1643312
1332819
1308357
1336009
1368530
1301936
1332747
1255974
1248925
1876421
1371048
1531108
1921361
1323106
1948484
1329312
1835110
1256570
1277715
1292823
1265011
1291408
1278602
1336150
1919042
1295315
1258906
1248677
1432027
1291254
1773049
1254356
1314554
1257040
1261503
1256933
1324562
1276546
1251552
1255312
1295592
1324790
1331836
1247022
1334423
1450026
1250357
1307830
1315950
1318235
1264512
1294340
1316701
1266015
1905244
1346137
1703026
1330533
1333291
1255735
1920365
1318460
1500031
1258090
1344639
1330828
1308582
1599030
1770386
1904092
1294341
1343533
1283936
1323600
1321973
1291957
1319539
1255412
1291511
1318126
1434203
1299643
1879532
1282736
1837096
1847100
1299785
1324582
1255399
1620051
1923060
1925122
1262135
1246314
1343401
1250275
1291788
1281886
1289913
1249090
1338170
1257022
1336464
1847165
1702083
1879414
1435067
1923155
1773237
1618036
1246626
1790098
1317783
1291794
1431064
1318304
1254762
1920362
1291783
1335885
1300517
1581048
1408024
1257419
1304777
1284601
1880632
1331513
1537020
1308314
1318266
1719037
1916207
1892217
1341370
1300160
1495047
1337971
1307277
1300025
1301963
1260949
1289600
1265426
1338762
1306626
1896164
1337311
1876308
1332721
1306991
1567044
1302523
1264039
1311632
1516019
1312274
1632070
1295027
1335432
1408068
1655086
1293789
1336359
1618042
1304456
1290007
1916124
1922297
1252521
1883111
1277945
1310485
1314067
1933168
1660018
1321166
1501097
1313698
1336008
1316831
1253148
1904152
1256823
1536026
1328105
1880304
1645125
1904293
1249956
1251975
1253474
1340539
1450148
1900662
1862183
1389177
1264499
1335756
1255487
1249371
1536028
1367556
1392400
1552028
1895036
1262252
1262084
1337267
1253101
1512067
1900865
1916143
1776304
1306360
1334302
1366475
1247537
1339716
1531145
1915067
1531113
1878719
1263244
1260030
1258061
1339875
1253180
1565032
1338959
1879263
1297742
1366187
1889211
1924089
1484053
1924103
1876431
1699105
1854103
1262016
1301332
1317724
1255470
1339149
1901738
1254671
1294137
1311755
1299758
1936171
1261173
1257102
1403033
1702112
1901798
1258309
1252513
1302418
1636093
1562077
1298369
1256332
1488029
1847216
1847303
1256817
1387101
1249209
1248962
1257335
1300441
1332689
1319840
1298266
1811099
1876533
1643292
1292145
1386047
1254070
1302117
1896111
1339703
1318689
1250435
1703072
1343208
1254299
1305504
1264375
1310182
1810037
1346758
1246529
1342906
1266634
1263829
1312171
1253046
1341857
1346139
1901803
1389074
1337272
1264948
1532057
1254670
1293921
1293006
1891261
1473027
1258289
1343759
1335472
1504096
1263062
1368482
1370944
1876204
1780122
1256432
1341502
1291155
1889022
1898108
1440057
1259538
1889090
1320762
1645092
1883166
1300470
1519027
1922405
1342647
1334448
1338430
1332614
1502029
1901257
1314847
1258422
1257602
1286881
1341459
1312164
1335671
1915184
1294806
1307748
1258330
1780287
1303197
1645195
1261259
1673068
1302564
1251536
1250532
1259006
1334742
1260889
1304503
1262736
1490034
1817269
1472020
1261233
1246758
1346628
1337703
1295249
1259771
1536021
1470063
1699061
1289714
1254002
1889253
1290948
1313026
1644290
1934253
1899053
1260568
1291159
1474020
1324685
1252364
1861210
1367408
1302055
1297353
1928157
1264049
1945116
1432078
1644213
1306980
1389210
1906545
1297157
1891082
1258802
1249264
1331344
1570024
1574062
1260000
1368111
1250925
1315818
1260551
1264963
1896254
1252142
1264631
1366195
1316989
1444028
1912020
1439028
1321492
1260605
1249395
1255523
1833067
1504139
1256505
1256764
1251600
1635042
1810087
1311590
1304779
1252751
1289555
1644163
1654105
1303952
1337321
1878335
1330903
1285317
1338278
1942106
1283855
1595127
1259561
1850154
1345458
1328089
1512101
1248936
1290394
1302353
1643063
1320278
1466032
1562098
1448122
1634024
1849244
1337228
1335854
1320447
1247570
1282966
1262055
1252810
1927254
1255382
1340470
1304652
1533035
1314162
1263580
1315191
1346149
1770206
1338485
1334265
1256819
1331719
1302572
1294971
1848092
1370806
1303118
1946322
1253997
1299439
1595110
1625059
1392367
1319653
1433226
1252313
1341423
1251126
1673097
1500076
1339220
1338223
1450127
1338233
1255545
1674022
1574019
1335387
1864084
1335564
1335675
1306110
1531033
1879313
1297377
1316461
1301397
1602033
1431108
1936215
1959025
1443078
1644180
1329365
1904321
1289470
1315570
1534078
1262803
1257905
1849276
1258433
1311113
1316626
1300084
1331883
1338849
1305409
1256335
1256807
1301915
1594042
1334253
1261456
1579110
1255130
1849109
1899029
1251114
1321116
1310073
1891107
1375087
1590044
1311001
1251603
1442085
1330642
1304183
1249304
1340460
1343871
1528034
1892149
1311631
1500086
1250397
1296793
1317496
1880513
1876263
1899158
1336693
1339102
1338266
1334707
1255139
1391191
1309551
1303466
1263090
1303753
1890041
1340521
1331707
1340141
1257216
1643213
1263039
1370113
1300590
1287883
1390173
1430255
1259667
1642138
1334686
1333949
1312821
1434258
1639025
1286337
1310475
1910032
1905127
1252939
1303658
1319058
1310304
1370247
1250916
1326299
1260645
1548070
1311151
1296919
1531078
1302738
1310916
1332795
1795052
1334257
1560099
1264606
1330559
1256596
1320030
1333489
1346627
1311884
1265169
1341743
1251022
1896213
1933258
1861474
1305308
1311496
1313434
1310236
1320009
1936353
1333442
1299033
1340253
1332709
1333248
1260105
1645208
1315806
1310303
1344598
1263856
1449102
1387174
1904287
1299190
1260954
1373123
1342810
1250950
1313572
1254150
1314296
1559051
1647048
1301142
1253358
1563063
1341556
1340493
1894320
1331993
1646092
1331660
1306067
1312818
1701088
1900856
1335259
1263139
1890212
1319898
1299712
1297070
1555053
1264689
1290043
1297490
1315947
1692030
1309376
1304841
1260522
1334647
1317372
1257605
1898252
1310964
1488098
1929022
1304506
1263788
1536112
1552143
1254051
1304362
1330350
1881037
1904182
1576034
1303881
1280135
1251652
1339327
1330403
1250852
1889155
1590122
1948295
1833468
1343542
1314317
1250454
1320474
1434262
1332701
1271436
1325191
1265349
1385052
1299258
1502132
1579146
1600036
1300777
1260427
1255824
1879412
1246791
1252918
1411114
1861472
1322975
1501131
1260461
1449115
1390343
1936125
1305486
1595118
1246650
1904300
1901832
1255737
1254108
1252183
1252665
1559048
1447146
1435094
1430116
1303722
1336942
1901375
1311921
1255169
