24487
23193
20527
21385
22708
16692
10883
12241
19144
4731
16434
728
189
19956
10824
22223
17096
10770
2971
24468
21974
1272
670
7291
689
4651
7824
25883
24254
20100
7027
6889
969
20240
20274
8570
16566
20199
816
4264
10333
23638
23824
16961
1469
2235
6406
24752
19987
7846
17147
18205
3699
10913
11278
17457
10483
3248
11646
3218
11564
12137
1931
12828
4339
14380
2064
14191
22609
7909
2157
10130
11362
20103
1522
5460
2208
19578
11966
11506
19134
21501
9578
21930
15845
26344
20871
5518
5878
15755
12332
20894
6616
2306
17972
8543
17483
14346
21560
4291
4817
21757
23860
733
20734
915
20250
17144
20208
8691
7318
2006
22494
14869
3162
18364
24117
15626
21197
9142
11936
19373
24799
15455
12078
10121
644
19351
9729
15965
25872
12003
5684
6169
7349
10607
18478
9502
7726
25784
23330
22541
14493
24858
25545
10589
19321
24318
10018
13160
14975
14083
13119
6171
15640
19467
2124
22403
9188
25416
7252
22758
22191
15416
5785
22462
5535
1894
2298
5911
21571
19261
11927
12956
6969
10566
11756
10056
19730
25637
4923
4065
24575
5055
10671
25106
17301
951
18838
1987
20048
3108
12685
19723
12650
15955
10182
8222
7863
17671
18430
1143
1730
13907
24490
21456
1211
26002
21322
12814
80
18553
12741
164
8289
17945
17196
17035
15411
19892
18107
22336
24448
25885
25780
18651
4058
5862
8959
19674
22618
13349
3655
9561
3681
11842
3134
10321
22491
10659
14043
1526
1912
16945
6427
21592
8779
13342
3726
25399
14723
3006
5840
19661
16817
3591
