10528
11177
24487
26132
12028
20729
13909
20263
3542
2195
18498
24374
2508
12930
12984
23344
18074
17096
4672
25272
20722
16067
73
25634
18194
1362
689
4651
7824
25883
3413
4704
19444
8329
1975
15419
12631
8468
19184
16442
10621
20199
16143
14960
19164
373
3881
10333
19122
1528
6444
23823
26406
3913
24141
7846
18205
12635
14778
2314
18511
20896
17254
14786
3104
11557
4110
24193
12902
5743
11239
4778
1812
7063
23024
16751
336
7350
23760
3962
6686
21368
19571
14030
21597
2247
8041
1402
15845
9029
26344
20871
18632
473
23509
14710
8540
19806
26003
10987
5094
22200
16462
24169
14841
5888
4817
21640
1786
19542
14749
15830
8691
25306
12148
9985
18437
17087
24408
26250
22577
9142
4869
6491
5595
21263
11751
24552
10914
21508
19351
9729
15965
25872
25266
5684
6169
10607
7584
18478
6931
5860
14751
16407
15837
15440
5696
12554
6452
16526
23163
19470
10018
4981
9396
24755
15813
6171
2124
13253
9188
25487
21584
21536
17149
3008
5785
5065
21156
19670
4281
23223
25636
26171
15571
24289
12748
10849
19156
19616
10444
19730
4923
4065
7877
13067
10671
19805
23299
6543
20545
20061
23073
4537
18222
4815
9594
21218
20459
10222
10516
6392
11913
21667
2385
12488
1143
9881
1730
13907
6930
23725
21453
1847
656
14802
10825
6917
19881
20918
14034
13927
15309
2240
9596
22037
19612
25885
15226
18651
8202
25646
21382
25153
8651
583
941
13889
20924
956
5530
5130
3834
16626
3141
8245
21835
23684
21518
18811
20931
19226
1720
2308
20610
23558
