# VERSION_PHOTOMETRY:  RSR_B 
# SNANA_VERSION: 886408a4-output17g 
# PROGRAM:       snlc_fit.exe 
# TABLE_NAME:    FITRES 
# 
VARNAMES:  CID IDSURVEY TYPE FIELD CUTFLAG_SNANA ERRFLAG_FIT RA DEC zHEL zHELERR zCMB zCMBERR zHD zHDERR VPEC VPECERR LENSDMU LENSDMUERR MWEBV HOST_LOGMASS HOST_LOGMASS_ERR HOST_LOGMASS_ZPHOT HOST_LOGMASS_ZPHOTERR HOST_LOGSFR HOST_LOGSFR_ERR HOST_LOGsSFR HOST_LOGsSFR_ERR HOST_COLOR HOST_COLOR_ERR HOST_MAG_g HOST_MAG_r HOST_MAG_i HOST_MAG_z HOST_MAG_J HOST_MAG_H HOST_MAGERR_g HOST_MAGERR_r HOST_MAGERR_i HOST_MAGERR_z HOST_MAGERR_J HOST_MAGERR_H PKMJDINI SNRMAX1 SNRMAX2 SNRMAX3 SNRSUM BANDLIST OPT_PHOTOZ PKMJD PKMJDERR STRETCH STRETCHERR AV AVERR RV RVERR DLMAG DLMAGERR COV_STRETCH_AV COV_STRETCH_DLMAG COV_AV_DLMAG NDOF FITCHI2 FITPROB RADIUS_POP 
#
SN: DES16C1cim 10 0 VOID 3 0 54.876510000000003 -26.649180000000001 0.53100001811981201 9.9999997473787516e-06 0.53100001811981201 9.9999997473787516e-06 0.53070878982543945 0.001276723574846983 57.043231964111328 250 0 0 0.011699999682605267 8.3920001983642578 0.043999999761581421 -9999 -9999 0 0 0 0 0 0 0 0 0 0 0 0 0 0 0 0 0 0 57686.5 13.166896820068359 8.6257553100585938 8.1694469451904297 39.029220581054688 griz 0 57686.4375 1.1324821710586548 1.0230855941772461 0.002915357006713748 0.05169803649187088 0.072108007967472076 1.5180000066757202 0 42.57843017578125 0.10792778432369232 -3.3908941077243071e-06 9.6450157798244618e-06 -0.00728655606508255 70 93.985984802246094 0.02950759045779705 -9
SN: DES16C3cmy 10 0 VOID 3 0 51.805999999999997 -27.489090000000001 0.55640000104904175 9.9999997473787516e-06 0.55640000104904175 9.9999997473787516e-06 0.55604803562164307 0.00129790382925421 67.83966064453125 250 0 0 0.008500000461935997 10.706000328063965 0.041999999433755875 -9999 -9999 -9999 -9999 -9999 -9999 -9999 -9999 999 999 999 999 999 999 999 999 999 999 999 999 57695.5 45.526222229003906 36.270870208740234 32.427448272705078 116.57536315917969 griz 0 57695.83984375 0.018181253224611282 1.055387020111084 0.00064361328259110451 0.019968220964074135 0.026799742132425308 1.5180000066757202 0 42.3118896484375 0.039014790207147598 -1.615219105133292e-07 5.3676546940550907e-07 -0.0010080412030220032 47 56.9150390625 0.15240474045276642 -9
SN: DES16E1dcx 10 0 VOID 3 0 8.9685000000000006 -43.35812 0.45300000905990601 9.9999997473787516e-06 0.45300000905990601 9.9999997473787516e-06 0.45251798629760742 0.0012116823345422745 99.48101806640625 250 0 0 0.0063000000081956387 10.770000457763672 0.11500000208616257 -9999 -9999 -9999 -9999 -9999 -9999 -9999 -9999 999 999 999 999 999 999 999 999 999 999 999 999 57707 18.344692230224609 13.122199058532715 10.480044364929199 69.946060180664062 griz 0 57704.81640625 0.75911629199981689 1.2954792976379395 0.0066714971326291561 0.17045301198959351 0.043236367404460907 1.5180000066757202 0 42.054439544677734 0.051497969776391983 -6.2303959566634148e-05 4.4303385948296636e-05 -0.0019942573271691799 88 155.22769165039062 1.305934893025551e-05 -9
SN: DES16E2clk 10 0 VOID 3 0 9.2036499999999997 -44.139850000000003 0.36700001358985901 9.9999997473787516e-06 0.36700001358985901 9.9999997473787516e-06 0.36663913726806641 0.0011399704962968826 79.150077819824219 250 0 0 0.0071000000461935997 8.9060001373291016 0.081000000238418579 -9999 -9999 -9999 -9999 -9999 -9999 -9999 -9999 999 999 999 999 999 999 999 999 999 999 999 999 57693.69921875 34.939640045166016 32.631057739257812 25.007539749145508 81.132415771484375 griz 0 57693.25390625 0.39813771843910217 1.0017822980880737 0.026020681485533714 0.13355877995491028 0.028328001499176025 1.5180000066757202 0 41.603546142578125 0.052781581878662109 -0.00011061369150411338 0.00081813550787046552 -0.001246147439815104 44 30.388462066650391 0.94086527824401855 -9
SN: DES16E2cqq 10 0 VOID 3 0 9.9586500000000004 -43.564830000000001 0.42599999904632568 9.9999997473787516e-06 0.42599999904632568 9.9999997473787516e-06 0.4255605936050415 0.0011891680769622326 92.419288635253906 250 0 0 0.0051000001840293407 9.2510004043579102 0.1080000028014183 -9999 -9999 -9999 -9999 -9999 -9999 -9999 -9999 999 999 999 999 999 999 999 999 999 999 999 999 57695.30078125 26.568628311157227 16.04005241394043 12.176429748535156 50.519035339355469 griz 0 57694.9296875 0.63572531938552856 0.8972288966178894 0.035105310380458832 0.22041155397891998 0.053972445428371429 1.5180000066757202 0 41.849945068359375 0.075121410191059113 0.00077508477261289954 0.00097501929849386215 -0.002625858411192894 44 54.698352813720703 0.12943600118160248 -9
SN: DES16S1agd 10 0 VOID 3 0 43.083590000000001 -0.91119000000000006 0.50400000810623169 9.9999997473787516e-06 0.50400000810623169 9.9999997473787516e-06 0.50347554683685303 0.0012542093172669411 104.578857421875 250 0 0 0.055900000035762787 9.7469997406005859 0.26199999451637268 -9999 -9999 -9999 -9999 -9999 -9999 -9999 -9999 999 999 999 999 999 999 999 999 999 999 999 999 57644.3984375 12.892724990844727 10.289262771606445 9.0856809616088867 38.053684234619141 griz 0 57644.8046875 0.022537127137184143 1.0507692098617554 0.00041342381155118346 0.20545907318592072 0.076518014073371887 1.5180000066757202 0 42.028511047363281 0.099847115576267242 -4.0149839009018251e-08 1.9898094194559235e-07 -0.0071793841198086739 54 77.612411499023438 0.019310534000396729 -9
SN: DES16S1bno 10 0 VOID 3 0 42.515929999999997 -0.021590000000000002 0.4699999988079071 9.9999997473787516e-06 0.4699999988079071 9.9999997473787516e-06 0.46951377391815186 0.0012258581118658185 99.203704833984375 250 0 0 0.051899999380111694 8.5399999618530273 0.0099999997764825821 -9999 -9999 -9999 -9999 -9999 -9999 -9999 -9999 999 999 999 999 999 999 999 999 999 999 999 999 57663.3984375 15.057110786437988 13.767572402954102 9.7788867950439453 41.558460235595703 griz 0 57663.1640625 0.5990028977394104 0.84024643898010254 0.050351966172456741 0.0470777228474617 0.074127793312072754 1.5180000066757202 0 42.118728637695312 0.09861648827791214 0.0019526844844222069 0.0022305271122604609 -0.0034619923681020737 63 51.460254669189453 0.85039204359054565 -9
SN: DES16S2afz 10 0 VOID 3 0 41.601370000000003 -1.22529 0.4830000102519989 9.9999997473787516e-06 0.4830000102519989 9.9999997473787516e-06 0.48248660564422607 0.0012366982409730554 103.82099914550781 250 0 0 0.029699999839067459 9.550999641418457 0.25 -9999 -9999 -9999 -9999 -9999 -9999 -9999 -9999 999 999 999 999 999 999 999 999 999 999 999 999 57648 19.827890396118164 19.591146469116211 15.600469589233398 56.130664825439453 griz 0 57649.19140625 0.022188547998666763 1.0477392673492432 0.057226460427045822 0.17850689589977264 0.05103626474738121 1.5180000066757202 0 41.847373962402344 0.085523508489131927 -0.00033814262133091688 0.0031086581293493509 -0.0035800815094262362 49 42.962112426757812 0.715259850025177 -9
SN: DES16X3cry 10 0 VOID 3 0 36.043950000000002 -3.8311099999999998 0.6119999885559082 9.9999997473787516e-06 0.6119999885559082 9.9999997473787516e-06 0.61120843887329102 0.0013442666968330741 147.28007507324219 250 0 0 0.025200000032782555 8.9379997253417969 0.23199999332427979 -9999 -9999 -9999 -9999 -9999 -9999 -9999 -9999 999 999 999 999 999 999 999 999 999 999 999 999 57700.69921875 26.494970321655273 22.626251220703125 16.195823669433594 74.638694763183594 griz 0 57700.6171875 0.44575798511505127 1.0969225168228149 0.00036304115201346576 0.036360103636980057 0.039385471493005753 1.5180000066757202 0 42.744541168212891 0.060220587998628616 -6.9622771547983575e-08 1.3536534027025482e-07 -0.0022663488052785397 43 51.256000518798828 0.18146052956581116 -9
SN: DES16X3zd 10 0 VOID 3 0 36.73527 -4.4193899999999999 0.49500000476837158 9.9999997473787516e-06 0.49500000476837158 9.9999997473787516e-06 0.49441659450531006 0.0012467044871300459 117.03221130371094 250 0 0 0.023499999195337296 10.053000450134277 0.0070000002160668373 -9999 -9999 -9999 -9999 -9999 -9999 -9999 -9999 999 999 999 999 999 999 999 999 999 999 999 999 57644.3984375 31.078212738037109 26.342624664306641 19.361995697021484 81.272018432617188 griz 0 57644.8828125 0.3629457950592041 0.89304566383361816 0.029597165063023567 0.34401935338973999 0.045134231448173523 1.5180000066757202 0 42.036174774169922 0.048686817288398743 0.00083190441364422441 0.00040824164170771837 -0.0011641177115961909 44 74.579185485839844 0.002709951251745224 -9
