# VERSION_PHOTOMETRY:  RSR_R 
# SNANA_VERSION: 886408a4-output17g 
# PROGRAM:       snlc_fit.exe 
# TABLE_NAME:    FITRES 
# 
VARNAMES:  CID IDSURVEY TYPE FIELD CUTFLAG_SNANA ERRFLAG_FIT RA DEC zHEL zHELERR zCMB zCMBERR zHD zHDERR VPEC VPECERR LENSDMU LENSDMUERR MWEBV HOST_LOGMASS HOST_LOGMASS_ERR HOST_LOGMASS_ZPHOT HOST_LOGMASS_ZPHOTERR HOST_LOGSFR HOST_LOGSFR_ERR HOST_LOGsSFR HOST_LOGsSFR_ERR HOST_COLOR HOST_COLOR_ERR HOST_MAG_g HOST_MAG_r HOST_MAG_i HOST_MAG_z HOST_MAG_J HOST_MAG_H HOST_MAGERR_g HOST_MAGERR_r HOST_MAGERR_i HOST_MAGERR_z HOST_MAGERR_J HOST_MAGERR_H PKMJDINI SNRMAX1 SNRMAX2 SNRMAX3 SNRSUM BANDLIST OPT_PHOTOZ PKMJD PKMJDERR STRETCH STRETCHERR AV AVERR RV RVERR DLMAG DLMAGERR COV_STRETCH_AV COV_STRETCH_DLMAG COV_AV_DLMAG NDOF FITCHI2 FITPROB RADIUS_POP 
#
SN: DES16C1cim 10 0 VOID 3 0 54.876510000000003 -26.649180000000001 0.53100001811981201 9.9999997473787516e-06 0.53100001811981201 9.9999997473787516e-06 0.53070878982543945 0.001276723574846983 57.043231964111328 250 0 0 0.011699999682605267 8.3920001983642578 0.043999999761581421 -9999 -9999 0 0 0 0 0 0 0 0 0 0 0 0 0 0 0 0 0 0 57686.5 13.16460132598877 8.6230783462524414 8.1672391891479492 38.823921203613281 griz 0 57686.5 0 1.1892311573028564 0.0004995597992092371 -0.055694542825222015 0.070125654339790344 1.5180000066757202 0 42.756500244140625 0.10842883586883545 -0.00010218079114565626 0.00013779196888208389 -0.00745756970718503 62 56.692413330078125 0.66662305593490601 -9
SN: DES16C3cmy 10 0 VOID 3 0 51.805999999999997 -27.489090000000001 0.55640000104904175 9.9999997473787516e-06 0.55640000104904175 9.9999997473787516e-06 0.55604803562164307 0.00129790382925421 67.83966064453125 250 0 0 0.008500000461935997 10.706000328063965 0.041999999433755875 -9999 -9999 -9999 -9999 -9999 -9999 -9999 -9999 999 999 999 999 999 999 999 999 999 999 999 999 57695.5 45.518421173095703 36.264877319335938 32.421768188476562 121.96723175048828 griz 0 57695.5 0 1.0710597038269043 0.027512749657034874 -0.016028916463255882 0.027768751606345177 1.5180000066757202 0 42.361770629882812 0.049872592091560364 -0.0003058139409404248 0.0009022856829687953 -0.0012863646261394024 50 63.105449676513672 0.10092993825674057 -9
SN: DES16E1dcx 10 0 VOID 3 0 8.9685000000000006 -43.35812 0.45300000905990601 9.9999997473787516e-06 0.45300000905990601 9.9999997473787516e-06 0.45251798629760742 0.0012116823345422745 99.48101806640625 250 0 0 0.0063000000081956387 10.770000457763672 0.11500000208616257 -9999 -9999 -9999 -9999 -9999 -9999 -9999 -9999 999 999 999 999 999 999 999 999 999 999 999 999 57707 18.340513229370117 13.11883544921875 10.477818489074707 69.928718566894531 griz 0 57707 0 1.2399945259094238 0.0012126317014917731 0.27217075228691101 0.038631148636341095 1.5180000066757202 0 41.994331359863281 0.050583131611347198 -1.4397392078535631e-06 1.4814949054198223e-06 -0.001852859859354794 88 160.75569152832031 3.5698365081771044e-06 -9
SN: DES16E2clk 10 0 VOID 3 0 9.2036499999999997 -44.139850000000003 0.36700001358985901 9.9999997473787516e-06 0.36700001358985901 9.9999997473787516e-06 0.36663913726806641 0.0011399704962968826 79.150077819824219 250 0 0 0.0071000000461935997 8.9060001373291016 0.081000000238418579 -9999 -9999 -9999 -9999 -9999 -9999 -9999 -9999 999 999 999 999 999 999 999 999 999 999 999 999 57693.69921875 34.930034637451172 32.621463775634766 25.001775741577148 81.112503051757812 griz 0 57693.69921875 0 0.99076896905899048 0.00019920931663364172 0.13239851593971252 0.027911027893424034 1.5180000066757202 0 41.59912109375 0.041635952889919281 -3.8232451515796129e-06 1.7107520761783235e-05 -0.0010979201178997755 45 31.539724349975586 0.93566715717315674 -9
SN: DES16E2cqq 10 0 VOID 3 0 9.9586500000000004 -43.564830000000001 0.42599999904632568 9.9999997473787516e-06 0.42599999904632568 9.9999997473787516e-06 0.4255605936050415 0.0011891680769622326 92.419288635253906 250 0 0 0.0051000001840293407 9.2510004043579102 0.1080000028014183 -9999 -9999 -9999 -9999 -9999 -9999 -9999 -9999 999 999 999 999 999 999 999 999 999 999 999 999 57695.30078125 26.561595916748047 16.035844802856445 12.175100326538086 50.506572723388672 griz 0 57695.30078125 0 0.8873785138130188 0.03001328743994236 0.21223205327987671 0.053703408688306808 1.5180000066757202 0 41.848224639892578 0.073415331542491913 0.00065052503487095237 0.00075212633237242699 -0.0026635222602635622 45 55.038654327392578 0.14514417946338654 -9
SN: DES16S1agd 10 0 VOID 3 0 43.083590000000001 -0.91119000000000006 0.50400000810623169 9.9999997473787516e-06 0.50400000810623169 9.9999997473787516e-06 0.50347554683685303 0.0012542093172669411 104.578857421875 250 0 0 0.055900000035762787 9.7469997406005859 0.26199999451637268 -9999 -9999 -9999 -9999 -9999 -9999 -9999 -9999 999 999 999 999 999 999 999 999 999 999 999 999 57644.3984375 12.889439582824707 10.286842346191406 9.0831403732299805 37.927276611328125 griz 0 57644.3984375 0 1.1430749893188477 0.00078576849773526192 0.1280541867017746 0.076881401240825653 1.5180000066757202 0 42.159088134765625 0.10055049508810043 -5.4016705689718947e-05 7.1567657869309187e-05 -0.0073166768997907639 50 59.352996826171875 0.17147073149681091 -9
SN: DES16S1bno 10 0 VOID 3 0 42.515929999999997 -0.021590000000000002 0.4699999988079071 9.9999997473787516e-06 0.4699999988079071 9.9999997473787516e-06 0.46951377391815186 0.0012258581118658185 99.203704833984375 250 0 0 0.051899999380111694 8.5399999618530273 0.0099999997764825821 -9999 -9999 -9999 -9999 -9999 -9999 -9999 -9999 999 999 999 999 999 999 999 999 999 999 999 999 57663.3984375 15.052609443664551 13.764578819274902 9.7757539749145508 41.469253540039062 griz 0 57663.3984375 0 0.8476988673210144 0.0052902838215231895 0.049091774970293045 0.06317467987537384 1.5180000066757202 0 42.129714965820312 0.088325612246990204 2.2158030333230272e-05 2.3445432816515677e-05 -0.0051661436446011066 58 39.411277770996094 0.97070086002349854 -9
SN: DES16S2afz 10 0 VOID 3 0 41.601370000000003 -1.22529 0.4830000102519989 9.9999997473787516e-06 0.4830000102519989 9.9999997473787516e-06 0.48248660564422607 0.0012366982409730554 103.82099914550781 250 0 0 0.029699999839067459 9.550999641418457 0.25 -9999 -9999 -9999 -9999 -9999 -9999 -9999 -9999 999 999 999 999 999 999 999 999 999 999 999 999 57648 19.823217391967773 19.586887359619141 15.597654342651367 56.074924468994141 griz 0 57648 0 1.1892330646514893 0.0014153876109048724 0.066645905375480652 0.051252275705337524 1.5180000066757202 0 41.994503021240234 0.067920051515102386 -1.3820052799928817e-06 1.7826528164732736e-06 -0.0032956483773887157 48 36.229522705078125 0.89378321170806885 -9
SN: DES16X3cry 10 0 VOID 3 0 36.043950000000002 -3.8311099999999998 0.6119999885559082 9.9999997473787516e-06 0.6119999885559082 9.9999997473787516e-06 0.61120843887329102 0.0013442666968330741 147.28007507324219 250 0 0 0.025200000032782555 8.9379997253417969 0.23199999332427979 -9999 -9999 -9999 -9999 -9999 -9999 -9999 -9999 999 999 999 999 999 999 999 999 999 999 999 999 57700.69921875 26.489299774169922 22.617687225341797 16.1917724609375 74.583786010742188 griz 0 57700.69921875 0 1.0969188213348389 0.0015491001540794969 0.035432174801826477 0.039345931261777878 1.5180000066757202 0 42.746696472167969 0.060208823531866074 -1.3568958820542321e-05 2.9727625587838702e-05 -0.0022986182011663914 40 44.165050506591797 0.29999330639839172 -9
SN: DES16X3zd 10 0 VOID 3 0 36.73527 -4.4193899999999999 0.49500000476837158 9.9999997473787516e-06 0.49500000476837158 9.9999997473787516e-06 0.49441659450531006 0.0012467044871300459 117.03221130371094 250 0 0 0.023499999195337296 10.053000450134277 0.0070000002160668373 -9999 -9999 -9999 -9999 -9999 -9999 -9999 -9999 999 999 999 999 999 999 999 999 999 999 999 999 57644.3984375 31.075656890869141 26.341541290283203 19.357843399047852 81.219940185546875 griz 0 57644.3984375 0 0.91692370176315308 0.00045749006676487625 0.35977134108543396 0.035338308662176132 1.5180000066757202 0 42.051261901855469 0.04667389765381813 1.5518547513693193e-07 1.3067014492662565e-07 -0.001553497277200222 40 63.744091033935547 0.0098835080862045288 -9
